0.350679
0.382368
0.318472
0.634680
0.062471
0.942247
0.576495
0.211616
0.860999
0.633312
0.122706
0.571678
0.899384
0.145185
0.053786
0.722484
0.883961
0.325739
0.100026
0.075433
0.752742
0.056007
0.086186
0.065186
0.312490
0.817820
0.928530
0.943765
0.227635
0.722225
0.269129
0.730913
0.219956
0.915866
0.134552
0.689350
0.966243
0.234535
0.973467
0.946669
0.236248
0.197580
0.134879
0.226460
0.130252
0.627600
0.711118
0.123507
0.877232
0.611402
0.074823
0.676839
0.335559
0.850640
0.451718
0.438019
0.298287
0.114623
0.131552
0.247962
0.415051
0.779819
0.534106
0.147976
0.526857
0.548470
0.722363
0.150748
0.988964
0.566818
0.599082
0.110564
0.407874
0.720582
0.373794
0.377123
0.790206
0.142571
0.637560
0.018023
0.086063
0.828245
0.027878
0.878891
0.659152
0.353160
0.218488
0.563783
0.899848
0.997680
0.980249
0.510543
0.752587
0.857601
0.166265
0.524833
0.772066
0.848331
0.233845
0.947863
0.926579
0.217580
0.851032
0.969012
0.546497
0.516598
0.199733
0.269176
0.824340
0.328752
0.320320
0.306680
0.998540
0.836705
0.364899
0.108549
0.333515
0.266748
0.235440
0.016506
0.978657
0.285164
0.379512
0.160697
0.991730
0.153931
0.845645
0.616684
0.162180
0.967167
0.295796
0.956460
0.426293
0.931710
0.912087
0.609062
0.007537
0.028753
0.078925
0.317017
0.391693
0.207816
0.702724
0.627008
0.945405
0.433046
0.339501
0.185455
0.244556
0.739727
0.339846
0.521045
0.642623
0.645523
0.539374
0.087156
0.736611
0.732422
0.365831
0.528284
0.988770
0.185946
0.966006
0.031447
0.996061
0.858619
0.069668
0.363063
0.721148
0.147097
0.887716
0.974821
0.096620
0.554469
0.401821
0.262770
0.519710
0.737310
0.391898
0.720793
0.169404
0.906291
0.361655
0.779950
0.261482
0.960600
0.614541
0.413906
0.260245
0.340013
0.646618
0.477626
0.933342
0.165969
0.884696
0.349973
0.301130
0.291640
0.351467
0.420504
0.633181
0.208180
0.873132
0.041146
0.556891
0.070815
0.393117
0.160734
0.581095
0.994993
0.862568
0.566133
0.557053
0.149366
0.218762
0.240300
0.269175
0.935718
0.546967
0.710775
0.582453
0.704984
0.519700
0.160110
0.853343
0.987204
0.645386
0.767945
0.462480
0.501962
0.962355
0.781177
0.205552
0.845419
0.740991
0.850495
0.721244
0.765789
0.786079
0.093300
0.720498
0.307899
0.715419
0.262235
0.639218
0.046647
0.896851
0.176520
0.586509
0.437231
0.672753
0.665460
0.128734
0.527772
0.337262
0.352546
0.318773
0.654370
0.890388
0.836293
0.023093
0.820232
0.780058
0.164432
0.050452
0.094323
0.484116
0.760748
0.524508
0.104939
0.283474
0.115218
0.825274
0.055882
0.837040
0.777732
0.702692
0.007007
0.607080
0.124783
0.238637
0.175112
0.870683
0.715948
0.462140
0.532605
0.298572
0.405402
0.699491
0.297275
0.201177
0.713309
0.308725
0.365740
0.648568
0.264584
0.088971
0.199992
0.765271
0.069223
0.507959
0.072988
0.047052
0.725227
0.037194
0.411322
0.186763
0.296512
0.655535
0.464804
0.665069
0.626648
0.794676
0.331561
0.410849
0.369171
0.532683
0.870753
0.839727
0.664744
0.173401
0.149676
0.247747
0.758666
0.599786
0.232891
0.839665
0.991157
0.403764
0.667721
0.802837
0.769268
0.778136
0.341640
0.697133
0.294279
0.495013
0.097918
0.245013
0.399913
0.548077
0.236696
0.320301
0.004974
0.543843
0.557929
0.627845
0.003476
0.748061
0.326861
0.413406
0.218841
0.240139
0.486209
0.989970
0.637575
0.215876
0.765295
0.452040
0.383765
0.019492
0.024872
0.735075
0.772338
0.043869
0.984576
0.483021
0.515961
0.437321
0.097943
0.489205
0.682121
0.714027
0.488713
0.735970
0.351864
0.111435
0.746543
0.832369
0.593169
0.178848
0.401074
0.298816
0.456208
0.211374
0.056951
0.627059
0.350949
0.041291
0.283538
0.511679
0.431827
0.383319
0.094326
0.228011
0.307006
0.143320
0.955832
0.427787
0.639564
0.445256
0.447812
0.715462
0.038909
0.685078
0.377925
0.614157
0.716403
0.395901
0.306875
0.132612
0.594008
0.066978
0.662922
0.295562
0.010660
0.237948
0.995915
0.980512
0.297284
0.872819
0.143454
0.478374
0.134389
0.747746
0.663706
0.680803
0.267763
0.601543
0.309646
0.352940
0.395128
0.596071
0.246013
0.773643
0.719778
0.957354
0.512333
0.569758
0.790806
0.790157
0.173084
0.994590
0.173039
0.806140
0.615458
0.761546
0.588956
0.671615
0.533955
0.683400
0.677722
0.800874
0.177238
0.701805
0.212113
0.072953
0.814179
0.883017
0.172286
0.944944
0.789401
0.549450
0.725426
0.552378
0.710295
0.378938
0.598858
0.983031
0.832890
0.935967
0.865890
0.792327
0.332400
0.722146
0.684855
0.673141
0.040968
0.608944
0.555514
0.146441
0.199264
0.747074
0.046165
0.356197
0.874862
0.660739
0.327004
0.452926
0.949943
0.806948
0.281492
0.118115
0.773744
0.244339
0.601645
0.108425
0.292286
0.381959
0.694578
0.319258
0.265764
0.165939
0.967124
0.156615
0.276688
0.145113
0.418509
0.749114
0.201067
0.578783
0.659342
0.161590
0.952503
0.041025
0.247014
0.002239
0.008688
0.782704
0.500900
0.037604
0.778166
0.439373
0.035019
0.456142
0.214062
0.751124
0.898681
0.816482
0.570576
0.984485
0.929702
0.634602
0.337170
0.448790
0.685989
0.354366
0.959836
0.242517
0.754337
0.755025
0.064218
0.426602
0.070047
0.340658
0.065854
0.440148
0.375368
0.355368
0.805616
0.225805
0.914285
0.125514
0.454264
0.431096
0.629618
0.967131
0.771594
0.494235
0.019657
0.382369
0.278952
0.859848
0.691630
0.337901
0.483838
0.134432
0.742754
0.206258
0.931981
0.927254
0.711909
0.636483
0.769679
0.053054
0.121666
0.468217
0.373018
0.366560
0.573355
0.783809
0.503121
0.905040
0.565983
0.251049
0.274459
0.421100
0.997531
0.722185
0.709799
0.749214
0.599586
0.455756
0.084168
0.929935
0.290360
0.418508
0.914278
0.570026
0.199898
0.617834
0.802363
0.217858
0.711297
0.376333
0.011343
0.853603
0.137288
0.917839
0.008422
0.353927
0.279133
0.142043
0.616529
0.458068
0.478138
0.431296
0.502732
0.239286
0.787105
0.183897
0.495068
0.570475
0.581533
0.406520
0.375870
0.171646
0.125870
0.499531
0.086096
0.760049
0.646788
0.660007
0.902388
0.524624
0.294690
0.875062
0.362987
0.040263
0.697087
0.142214
0.941892
0.011996
0.342537
0.737604
0.769789
0.636268
0.629072
0.105514
0.138157
0.982056
0.485660
0.435499
0.334443
0.601661
0.116765
0.945805
0.708438
0.003251
0.676766
0.855198
0.322689
0.095656
0.662873
0.908222
0.645644
0.647713
0.321389
0.477433
0.124736
0.115434
0.270383
0.554895
0.160831
0.782796
0.021341
0.695032
0.263180
0.569223
0.535300
0.840822
0.296538
0.146862
0.033912
0.836964
0.703227
0.400860
0.501474
0.714467
0.358376
0.167610
0.892255
0.550301
0.377636
0.327028
0.539938
0.712587
0.163823
0.700237
0.455706
0.614661
0.496292
0.503021
0.566561
0.246400
0.653237
0.800027
0.024597
0.255026
0.938557
0.410487
0.916779
0.982910
0.292243
0.923436
0.678267
0.523001
0.917221
0.298094
0.570041
0.199542
0.032983
0.831626
0.106708
0.979682
0.131445
0.996684
0.502410
0.230854
0.490266
0.138148
0.721596
0.660651
0.021583
0.040242
0.993987
0.149262
0.005908
0.233116
0.262321
0.336807
0.883381
0.727517
0.860823
0.349158
0.531943
0.404317
0.476484
0.531518
0.711881
0.787985
0.037696
0.197588
0.069414
0.518921
0.971730
0.665864
0.110691
0.755828
0.857963
0.934303
0.376692
0.837551
0.362427
0.806635
0.839184
0.695935
0.888468
0.692455
0.276579
0.096836
0.030343
0.816953
0.727306
0.384213
0.924518
0.748725
0.462859
0.822074
0.530604
0.725607
0.490197
0.000514
0.450251
0.173071
0.714010
0.561870
0.526816
0.262266
0.163536
0.994465
0.221877
0.399797
0.991701
0.842785
0.172742
0.831081
0.765194
0.406370
0.241327
0.840725
0.871244
0.782501
0.780021
0.283321
0.852325
0.867006
0.907363
0.978178
0.472774
0.468095
0.192936
0.729741
0.652054
0.595295
0.007904
0.587068
0.915862
0.042864
0.119061
0.287035
0.182033
0.527198
0.855864
0.916288
0.347465
0.913487
0.821062
0.046118
0.907839
0.850855
0.653639
0.319122
0.655270
0.266274
0.948760
0.043080
0.718871
0.960186
0.458962
0.732121
0.558041
0.257928
0.005838
0.035948
0.820075
0.989836
0.368006
0.724269
0.129308
0.850189
0.903111
0.898685
0.632620
0.817324
0.526442
0.216375
0.393227
0.821720
0.369332
0.070036
0.809831
0.530432
0.221890
0.500416
0.905280
0.332486
0.286203
0.803391
0.583009
0.056405
0.267146
0.964506
0.508618
0.812099
0.001088
0.902192
0.099172
0.071508
0.897544
0.502603
0.447785
0.488466
0.007517
0.158828
0.677823
0.892281
0.634087
0.633168
0.273371
0.136947
0.779165
0.335049
0.127391
0.046756
0.818489
0.299442
0.039560
0.767489
0.690646
0.111072
0.344292
0.718941
0.027665
0.418703
0.927765
0.304556
0.852571
0.968688
0.886507
0.594064
0.681383
0.979904
0.062525
0.423980
0.423183
0.498807
0.115076
0.371839
0.121106
0.327955
0.433189
0.508969
0.978969
0.712001
0.091873
0.743303
0.812008
0.440035
0.476699
0.035466
0.685549
0.246985
0.626593
0.388923
0.124324
0.794275
0.852098
0.630397
0.113854
0.515791
0.449962
0.564110
0.635614
0.606905
0.546207
0.540806
0.719733
0.977055
0.702731
0.462355
0.808509
0.390117
0.061259
0.039679
0.010933
0.456340
0.280338
0.305499
0.521113
0.684392
0.549091
0.732636
0.265602
0.592770
0.467725
0.098981
0.876451
0.981309
0.120146
0.405509
0.142289
0.224183
0.284407
0.041175
0.183218
0.368945
0.879263
0.594606
0.877660
0.880549
0.198865
0.789381
0.357422
0.517255
0.106209
0.853143
0.897903
0.388981
0.473217
0.045519
0.842096
0.491758
0.359551
0.666840
0.317819
0.972692
0.727881
0.257846
0.273049
0.724665
0.091077
0.710446
0.500503
0.131945
0.348313
0.227899
0.625099
0.389371
0.490476
0.655829
0.915740
0.176240
0.238199
0.527561
0.351223
0.026429
0.851097
0.002686
0.471973
0.618899
0.169671
0.247628
0.509177
0.276744
0.234301
0.566781
0.632536
0.766807
0.658135
0.947119
0.325299
0.361237
0.861418
0.275150
0.119867
0.378142
0.977166
0.628478
0.069724
0.633272
0.239992
0.742034
0.445467
0.435738
0.621825
0.741382
0.462295
0.232087
0.642726
0.053670
0.140695
0.396645
0.203353
0.735793
0.896760
0.023134
0.597937
0.200339
0.302686
0.897398
0.560404
0.025006
0.724640
0.235619
0.303299
0.736663
0.217604
0.796172
0.144607
0.126921
0.491442
0.107160
0.089526
0.232004
0.044450
0.438509
0.030953
0.108763
0.827044
0.454886
0.447839
0.123721
0.343994
0.388330
0.978581
0.038868
0.796191
0.430745
0.674436
0.660736
0.803165
0.011894
0.170756
0.814431
0.110486
0.150439
0.865476
0.336336
0.744347
0.233509
0.030264
0.526083
0.262232
0.191912
0.729710
0.881385
0.289831
0.256583
0.250092
0.754493
0.514755
0.923593
0.250587
0.418637
0.730055
0.694136
0.347716
0.712212
0.347533
0.323512
0.541219
0.493224
0.112847
0.808803
0.411400
0.519804
0.798694
0.157860
0.316157
0.856311
0.203475
0.979969
0.221098
0.994034
0.240607
0.372049
0.030960
0.208496
0.570856
0.985640
0.272723
0.813138
0.522578
0.618112
0.332411
0.520313
0.196465
0.545740
0.623324
0.080508
0.401057
0.072975
0.559484
0.942173
0.697590
0.510689
0.784391
0.482318
0.633956
0.701512
0.088906
0.588548
0.452278
0.308662
0.935704
0.126918
0.557025
0.845420
0.228585
0.751546
0.928981
0.629032
0.963223
0.228896
0.816122
0.347179
0.154972
0.241443
0.759018
0.526746
0.816114
0.786017
0.252663
0.481387
0.203637
0.361995
0.152363
0.312758
0.889737
0.752965
0.917451
0.941517
0.529701
0.010975
0.454061
0.966101
0.671873
0.453730
0.705288
0.008151
0.909865
0.801803
0.324407
0.508619
0.203908
0.694879
0.003046
0.522969
0.173892
0.732476
0.149370
0.576603
0.629117
0.267534
0.273135
0.791056
0.315634
0.200179
0.570923
0.577292
0.673669
0.290370
0.421931
0.036090
0.005182
0.847684
0.753082
0.354208
0.803900
0.291543
0.945131
0.022719
0.584542
0.632350
0.363966
0.178350
0.764100
0.194559
0.830881
0.894152
0.670956
0.522364
0.641863
0.451301
0.101210
0.208614
0.211852
0.330603
0.653025
0.163426
0.682405
0.775597
0.522254
0.660218
0.860385
0.021246
0.525719
0.314506
0.796477
0.114364
0.810611
0.846645
0.121276
0.438577
0.320457
0.471231
0.021182
0.878115
0.445142
0.781410
0.995670
0.620006
0.089905
0.707607
0.790827
0.391786
0.821532
0.837417
0.828472
0.203075
0.235632
0.433998
0.188042
0.977464
0.494023
0.335922
0.772597
0.912205
0.551372
0.696597
0.030164
0.964726
0.042809
0.780085
0.057067
0.248603
0.096236
0.990874
0.230427
0.578829
0.201907
0.543102
0.181141
0.767815
0.688263
0.405266
0.811720
0.794133
0.280813
0.149868
0.031385
0.609886
0.855061
0.638429
0.961854
0.019754
0.530747
0.690085
0.365758
0.927445
0.092802
0.957527
0.586179
0.577754
0.988396
0.201142
0.200876
0.047757
0.625200
0.353409
0.246864
0.499286
0.816891
0.321561
0.016948
0.120989
0.886504
0.552251
0.363104
0.523871
0.054892
0.098810
0.722143
0.685690
0.801881
0.731885
0.956094
0.804055
0.769094
0.836248
0.089970
0.029139
0.363044
0.627821
0.273645
0.035915
0.271188
0.699713
0.533812
0.895252
0.958910
0.720079
0.305060
0.733920
0.802868
0.636463
0.024556
0.592722
0.394889
0.199480
0.530292
0.124864
0.948077
0.034577
0.756800
0.528015
0.023321
0.120693
0.123065
0.454139
0.854630
0.276236
0.929187
0.258310
0.261959
0.102789
0.855532
0.944558
0.559149
0.697600
0.856701
0.446187
0.128192
0.479850
0.709916
0.812002
0.920932
0.388982
0.405101
0.699877
0.099600
0.833649
0.243098
0.550864
0.809646
0.439792
0.964917
0.299338
0.464985
0.497911
0.565535
0.293679
0.340350
0.697026
0.746503
0.687117
0.854769
0.616801
0.854801
0.644476
0.048496
0.355365
0.659391
0.041861
0.979375
0.064625
0.592189
0.896340
0.354639
0.841737
0.121339
0.877973
0.607118
0.055815
0.796913
0.274491
0.517415
0.196228
0.934087
0.569209
0.865447
0.160917
0.772741
0.756648
0.144523
0.041934
0.563432
0.483768
0.988450
0.493170
0.624944
0.711048
0.483010
0.524876
0.246797
0.752934
0.691216
0.379513
0.900239
0.257810
0.993375
0.893169
0.369505
0.093227
0.519563
0.943779
0.972025
0.095294
0.897104
0.425313
0.360920
0.942426
0.161600
0.067989
0.440787
0.770884
0.503166
0.606853
0.275855
0.463886
0.800462
0.492889
0.690747
0.526353
0.775067
0.557111
0.098778
0.067472
0.707589
0.610564
0.867579
0.518725
0.355990
0.285974
0.030545
0.854019
0.030707
0.783284
0.668184
0.357671
0.025577
0.675782
0.371418
0.507190
0.968516
0.759628
0.728880
0.953881
0.776844
0.707931
0.749085
0.951871
0.284065
0.365030
0.914114
0.985169
0.966262
0.003255
0.878236
0.810029
0.572665
0.456030
0.206000
0.642856
0.855302
0.045237
0.169985
0.716471
0.064332
0.876013
0.353035
0.238232
0.164138
0.522053
0.852325
0.986635
0.320907
0.915811
0.573299
0.901356
0.818767
0.593979
0.797255
0.432932
0.725900
0.892240
0.936408
0.382946
0.927977
0.864738
0.143045
0.126973
0.531077
0.272291
0.865303
0.257613
0.212163
0.608288
0.935455
0.228091
0.099452
0.848754
0.598513
0.139663
0.514060
0.066743
0.150723
0.241329
0.241315
0.002860
0.527525
0.798322
0.489361
0.293898
0.831359
0.854466
0.473300
0.220115
0.753172
0.152934
0.895773
0.400023
0.253753
0.497349
0.397905
0.645767
0.742460
0.804542
0.130564
0.038798
0.893233
0.490815
0.922884
0.334371
0.130412
0.432809
0.451475
0.816275
0.345209
0.299283
0.092381
0.919795
0.237953
0.318460
0.898230
0.924415
0.639213
0.619863
0.065218
0.350773
0.314866
0.982526
0.278872
0.990853
0.095723
0.622666
0.205078
0.325784
0.859218
0.364101
0.368991
0.445272
0.603106
0.483908
0.076847
0.494866
0.433156
0.731882
0.151849
0.760083
0.788377
0.597523
0.162562
0.723220
0.051635
0.406166
0.090864
0.852970
0.281773
0.402561
0.224246
0.399814
0.233566
0.458327
0.940976
0.850850
0.746148
0.088084
0.651072
0.642219
0.695820
0.237444
0.819163
0.672115
0.369381
0.507668
0.060103
0.347117
0.742340
0.804126
0.448972
0.726152
0.199063
0.498424
0.164489
0.307391
0.441544
0.031188
0.749038
0.248398
0.051083
0.137349
0.308020
0.513762
0.538151
0.866203
0.233197
0.063448
0.196992
0.098741
0.815087
0.053847
0.017969
0.025727
0.015635
0.984136
0.702382
0.049857
0.416221
0.339177
0.791608
0.767062
0.175287
0.954918
0.203428
0.478389
0.047739
0.164598
0.582798
0.147646
0.686781
0.518875
0.393682
0.461322
0.574851
0.961238
0.871711
0.018164
0.413317
0.127212
0.340915
0.284677
0.436561
0.488883
0.353500
0.272732
0.274237
0.806146
0.264012
0.660263
0.792365
0.731907
0.281642
0.039246
0.817326
0.261146
0.726787
0.503717
0.876085
0.430132
0.667610
0.789770
0.771443
0.822297
0.185930
0.625386
0.444933
0.935501
0.347253
0.611252
0.397850
0.329962
0.404374
0.854591
0.966508
0.507702
0.718372
0.446335
0.874733
0.150831
0.016142
0.031983
0.195804
0.768301
0.886575
0.777374
0.178451
0.858276
0.894697
0.574181
0.360466
0.335189
0.951548
0.036513
0.915461
0.394536
0.625283
0.778157
0.721896
0.209242
0.453690
0.065661
0.745016
0.267429
0.365080
0.182709
0.432749
0.870993
0.823898
0.209918
0.776430
0.235686
0.493641
0.584276
0.376645
0.391435
0.675445
0.439703
0.822769
0.587575
0.576901
0.637837
0.352197
0.441012
0.839860
0.606417
0.452698
0.556556
0.698863
0.021982
0.498702
0.648923
0.769717
0.511177
0.631444
0.179636
0.790079
0.155502
0.372350
0.784025
0.588048
0.103385
0.073623
0.601575
0.065697
0.834970
0.659890
0.646751
0.382013
0.484352
0.357231
0.718233
0.022821
0.337582
0.845894
0.757404
0.238636
0.766421
0.491347
0.007250
0.492165
0.009850
0.304122
0.954585
0.915692
0.299087
0.273863
0.432839
0.663164
0.032588
0.348488
0.721783
0.899342
0.583826
0.336986
0.205818
0.899118
0.666773
0.947636
0.370322
0.123572
0.312664
0.704840
0.620429
0.516277
0.952116
0.745452
0.113702
0.586809
0.186916
0.412075
0.537402
0.022153
0.559594
0.903891
0.016786
0.742322
0.178730
0.288362
0.416451
0.027644
0.626910
0.485545
0.884508
0.900920
0.777995
0.551978
0.029510
0.594836
0.701550
0.657826
0.348363
0.214310
0.600801
0.023603
0.788204
0.867401
0.126666
0.863533
0.556837
0.835381
0.201532
0.455084
0.395812
0.392384
0.523295
0.304825
0.054480
0.971778
0.467373
0.485717
0.329027
0.621178
0.606677
0.501193
0.406373
0.560965
0.510561
0.981476
0.210384
0.516665
0.178972
0.464828
0.137372
0.620534
0.289597
0.829015
0.401181
0.944418
0.136879
0.011414
0.979373
0.026051
0.087203
0.128227
0.577245
0.595159
0.090270
0.071851
0.006854
0.996755
0.730262
0.259384
0.033725
0.823937
0.293968
0.507920
0.822663
0.750790
0.773400
0.001612
0.799618
0.592315
0.583262
0.762480
0.126349
0.860062
0.766857
0.976679
0.574069
0.168543
0.792908
0.920071
0.894108
0.433918
0.451754
0.109132
0.127775
0.568724
0.370855
0.326376
0.350353
0.297500
0.960199
0.220603
0.263383
0.640903
0.143020
0.206295
0.323726
0.436058
0.555475
0.171567
0.164887
0.809354
0.835341
0.868631
0.864569
0.016746
0.222044
0.851121
0.456521
0.503888
0.334177
0.752398
0.071822
0.099083
0.171013
0.179901
0.742735
0.170754
0.187864
0.069635
0.493659
0.637174
0.611263
0.688957
0.317065
0.317452
0.171810
0.672415
0.118979
0.944346
0.480599
0.862274
0.283692
0.825026
0.471988
0.600525
0.518160
0.562484
0.609138
0.310469
0.991826
0.478297
0.133116
0.397312
0.132125
0.999936
0.264664
0.058814
0.523288
0.220787
0.038823
0.348417
0.696619
0.031991
0.515997
0.073897
0.291644
0.903235
0.374538
0.065227
0.101140
0.447846
0.944995
0.626829
0.404736
0.866408
0.759133
0.048474
0.847690
0.067832
0.137576
0.979170
0.462310
0.467806
0.782769
0.222177
0.718876
0.657274
0.050335
0.103021
0.949417
0.004959
0.957998
0.336883
0.957669
0.785124
0.562416
0.955135
0.270091
0.419355
0.112894
0.388404
0.463766
0.085660
0.373757
0.917130
0.380336
0.883408
0.433783
0.129947
0.393730
0.752307
0.109644
0.002395
0.657597
0.604436
0.533576
0.866812
0.863802
0.210417
0.629339
0.322619
0.430904
0.619090
0.602529
0.839299
0.685608
0.314331
0.787606
0.284204
0.277667
0.438174
0.992886
0.474566
0.867024
0.196219
0.193126
0.139211
0.565951
0.502842
0.564371
0.654686
0.606786
0.356007
0.645911
0.407791
0.611544
0.482568
0.652112
0.883198
0.524192
0.929556
0.586638
0.384260
0.093876
0.814380
0.498946
0.228584
0.132970
0.526637
0.142972
0.769787
0.205460
0.209082
0.793162
0.279262
0.930160
0.757970
0.401117
0.300262
0.286653
0.441411
0.634114
0.030602
0.532440
0.801006
0.165384
0.701759
0.250380
0.466085
0.827031
0.867469
0.043694
0.813944
0.053467
0.046206
0.565270
0.951767
0.795933
0.598856
0.120470
0.721642
0.342208
0.475390
0.928734
0.952026
0.827360
0.138403
0.129450
0.724988
0.675543
0.834445
0.129373
0.421205
0.953930
0.173851
0.644324
0.318458
0.948432
0.551011
0.922134
0.951272
0.306772
0.325519
0.363821
0.530901
0.979962
0.138294
0.529719
0.352059
0.132988
0.603701
0.123207
0.238296
0.888211
0.776469
0.303071
0.308739
0.841719
0.439664
0.186660
0.919006
0.777694
0.133188
0.659194
0.713037
0.068463
0.863371
0.620410
0.517744
0.693648
0.321577
0.914870
0.552824
0.434963
0.233785
0.966052
0.515690
0.184870
0.773181
0.298004
0.474939
0.172316
0.040700
0.439411
0.757062
0.946381
0.170414
0.604591
0.673775
0.171417
0.819679
0.183132
0.374409
0.487061
0.971730
0.881816
0.497602
0.029981
0.473779
0.105488
0.219926
0.435976
0.897269
0.842898
0.808971
0.998077
0.064325
0.251157
0.331487
0.187034
0.630047
0.697994
0.221872
0.386206
0.577851
0.976396
0.062828
0.912751
0.155721
0.430661
0.695296
0.051306
0.692527
0.747254
0.290414
0.451039
0.619726
0.280446
0.622169
0.208709
0.286099
0.891178
0.051171
0.133418
0.097685
0.337941
0.083897
0.322826
0.910505
0.578873
0.276958
0.425365
0.798652
0.773222
0.919648
0.956120
0.429570
0.773792
0.793595
0.306051
0.843087
0.128668
0.515968
0.040756
0.993538
0.628294
0.107589
0.002752
0.382919
0.856430
0.352437
0.818773
0.121735
0.633531
0.842771
0.462270
0.101332
0.823936
0.140191
0.160183
0.938152
0.930614
0.065015
0.593791
0.774978
0.113691
0.740303
0.961072
0.869354
0.289519
0.859620
0.569575
0.326886
0.676238
0.855735
0.343040
0.269691
0.396534
0.692540
0.705324
0.708550
0.291014
0.542798
0.930095
0.855118
0.357153
0.728544
0.937404
0.919031
0.182792
0.984543
0.891286
0.014295
0.277331
0.434721
0.358968
0.411841
0.279869
0.807248
0.142566
0.345459
0.634226
0.046674
0.797945
0.333722
0.596948
0.247214
0.309936
0.026525
0.468931
0.209867
0.560624
0.753126
0.483630
0.826910
0.469870
0.536996
0.294723
0.620841
0.231325
0.207021
0.501552
0.269535
0.518469
0.118862
0.379509
0.376151
0.747497
0.696974
0.458841
0.707175
0.773369
0.785688
0.207003
0.633733
0.627974
0.500073
0.761651
0.218698
0.245047
0.859468
0.257823
0.866059
0.756150
0.046602
0.964755
0.701834
0.449360
0.749509
0.464739
0.284826
0.360798
0.971290
0.459008
0.990844
0.465982
0.400141
0.413465
0.567590
0.980073
0.177561
0.524783
0.019618
0.013157
0.770546
0.114055
0.419533
0.089749
0.598689
0.723198
0.124076
0.218497
0.082009
0.517940
0.139565
0.138475
0.070727
0.507523
0.684300
0.200918
0.617085
0.008394
0.587105
0.576231
0.010242
0.737772
0.488578
0.986501
0.342432
0.597370
0.899427
0.494029
0.525915
0.327695
0.250093
0.107528
0.953734
0.245608
0.605512
0.585289
0.197806
0.353890
0.348057
0.081446
0.818214
0.242298
0.995785
0.381510
0.979008
0.362402
0.479770
0.063402
0.156695
0.426517
0.660512
0.491747
0.440460
0.139374
0.343361
0.093929
0.550973
0.977267
0.843058
0.242197
0.162728
0.924313
0.528965
0.851777
0.378073
0.266408
0.990436
0.208004
0.525529
0.763048
0.782680
0.163875
0.909973
0.277231
0.042402
0.252830
0.826512
0.132567
0.453464
0.972563
0.609622
0.303553
0.601250
0.763248
0.819716
0.785505
0.006728
0.206069
0.978640
0.773606
0.605854
0.116977
0.856146
0.559830
0.187322
0.054441
0.191250
0.555515
0.796841
0.517819
0.492251
0.968632
0.315897
0.215708
0.326459
0.985006
0.603449
0.725755
0.669345
0.094585
0.152709
0.831670
0.248881
0.680778
0.109692
0.793736
0.179641
0.906027
0.377701
0.698381
0.994845
0.688178
0.068341
0.757132
0.895912
0.430470
0.200806
0.634737
0.354586
0.717240
0.944993
0.050385
0.717154
0.014091
0.586718
0.203618
0.624568
0.635292
0.493360
0.029619
0.667249
0.313121
0.699644
0.185998
0.389685
0.031413
0.711868
0.899707
0.949985
0.896852
0.375211
0.147443
0.018928
0.661857
0.455602
0.826898
0.771747
0.771356
0.098300
0.992740
0.523693
0.253208
0.383234
0.339148
0.714788
0.773855
0.893339
0.697205
0.341300
0.411425
0.299942
0.865581
0.823858
0.584455
0.277641
0.822364
0.517066
0.973675
0.846122
0.246612
0.661416
0.587036
0.528115
0.402881
0.789796
0.614970
0.691727
0.705181
0.628314
0.168790
0.715955
0.016668
0.975185
0.498457
0.283140
0.398719
0.609855
0.505768
0.434329
0.827745
0.239260
0.905642
0.020924
0.414369
0.863506
0.203579
0.732872
0.188842
0.198331
0.214183
0.245940
0.525766
0.290692
0.761617
0.505242
0.018247
0.980406
0.271612
0.302311
0.160552
0.974098
0.010957
0.543237
0.514780
0.883162
0.658542
0.987492
0.346119
0.848848
0.648177
0.088039
0.182122
0.133463
0.568091
0.451178
0.072736
0.492311
0.932055
0.142487
0.890587
0.092584
0.705959
0.736642
0.652084
0.354381
0.161859
0.527535
0.735515
0.632868
0.254859
0.853009
0.362936
0.552219
0.326387
0.647563
0.802668
0.181105
0.215993
0.554180
0.176506
0.191587
0.103343
0.425043
0.904151
0.326982
0.102052
0.574621
0.029742
0.088886
0.471256
0.373724
0.044517
0.966868
0.566898
0.282839
0.896448
0.193505
0.099152
0.878292
0.994161
0.416592
0.774526
0.593094
0.221061
0.308394
0.757346
0.149027
0.242105
0.611870
0.535429
0.576998
0.372549
0.346025
0.537788
0.979219
0.647539
0.658725
0.934213
0.800531
0.976040
0.689038
0.863689
0.389599
0.321227
0.155253
0.971900
0.636930
0.808468
0.332121
0.146644
0.342704
0.733836
0.474044
0.364050
0.427347
0.868057
0.621462
0.796774
0.348500
0.647468
0.638314
0.441426
0.665305
0.854807
0.173278
0.332924
0.314431
0.204224
0.916540
0.525066
0.338346
0.276110
0.767018
0.955095
0.635386
0.032384
0.823647
0.546508
0.569716
0.213006
0.386922
0.321191
0.068418
0.926077
0.228014
0.724784
0.126443
0.885626
0.999453
0.899486
0.534541
0.457798
0.321398
0.598043
0.075856
0.655511
0.380825
0.655667
0.489792
0.562971
0.001743
0.703938
0.259458
0.928244
0.710507
0.740986
0.115950
0.684843
0.760903
0.590340
0.000034
0.030062
0.207683
0.276400
0.866211
0.070963
0.438226
0.307337
0.244557
0.673543
0.675705
0.111428
0.808738
0.636952
0.055106
0.042110
0.412545
0.457015
0.037424
0.908051
0.682704
0.776719
0.363464
0.481200
0.481346
0.592503
0.295747
0.409319
0.113900
0.918386
0.047497
0.640681
0.309726
0.512670
0.910653
0.931897
0.274877
0.682834
0.404624
0.504523
0.551524
0.522453
0.938649
0.367521
0.171358
0.673901
0.899448
0.575388
0.247237
0.874238
0.057700
0.117933
0.027013
0.792987
0.621874
0.010783
0.605628
0.569686
0.477193
0.884390
0.328060
0.909240
0.367150
0.840040
0.036403
0.908706
0.456447
0.866904
0.983674
0.367295
0.008425
0.099292
0.142034
0.633158
0.657759
0.700389
0.437318
0.681344
0.736804
0.289081
0.271281
0.311444
0.093015
0.770498
0.201595
0.324639
0.799196
0.422618
0.752246
0.450513
0.007662
0.155721
0.833137
0.887600
0.185617
0.587313
0.984641
0.320050
0.680059
0.167143
0.051522
0.213339
0.760944
0.341019
0.939101
0.416447
0.488783
0.028879
0.064669
0.546221
0.444677
0.435511
0.823624
0.482269
0.667392
0.950688
0.597361
0.692247
0.317131
0.556231
0.096664
0.113507
0.493331
0.853314
0.169215
0.460701
0.151310
0.102195
0.215758
0.546193
0.379784
0.604180
0.097869
0.955868
0.681412
0.236837
0.596237
0.706693
0.107673
0.513575
0.519582
0.169796
0.899763
0.055970
0.920051
0.690234
0.674708
0.731843
0.122580
0.614910
0.970043
0.980179
0.180157
0.411284
0.359097
0.024536
0.478063
0.031990
0.086142
0.106605
0.680412
0.109464
0.236671
0.045704
0.030989
0.587513
0.180376
0.518087
0.184605
0.076059
0.122023
0.792088
0.484427
0.369037
0.247971
0.721200
0.203997
0.625972
0.056237
0.489446
0.335318
0.510849
0.414136
0.711544
0.777386
0.652928
0.788462
0.298572
0.366927
0.278143
0.283416
0.911039
0.886004
0.467126
0.320621
0.305494
0.313231
0.925697
0.513813
0.971868
0.919711
0.291989
0.649044
0.955042
0.282107
0.795246
0.016269
0.056637
0.592939
0.483127
0.415974
0.232850
0.984712
0.329490
0.981394
0.670291
0.276000
0.798161
0.429607
0.856544
0.358554
