0.787696
0.486986
0.158466
0.639972
0.527397
0.741480
0.486031
0.426725
0.760383
0.046455
0.520195
0.087001
0.641866
0.204237
0.569377
0.344364
0.011806
0.181311
0.808554
0.914505
0.567698
0.024015
0.029080
0.920337
0.563957
0.820159
0.057378
0.061367
0.495548
0.805808
0.103218
0.994893
0.117543
0.864079
0.460124
0.603108
0.119393
0.889142
0.554984
0.929155
0.689412
0.135079
0.438715
0.114761
0.590632
0.987282
0.752700
0.214687
0.775183
0.678070
0.193568
0.470081
0.734554
0.686309
0.099126
0.434126
0.571572
0.706401
0.664464
0.288804
0.702798
0.756878
0.571524
0.200988
0.258562
0.936319
0.860860
0.365704
0.435702
0.030707
0.505201
0.978501
0.292048
0.907331
0.992916
0.239908
0.809224
0.182763
0.060746
0.008708
0.159832
0.896525
0.730208
0.890767
0.030786
0.529786
0.755456
0.961692
0.911781
0.293998
0.392874
0.268908
0.057339
0.345402
0.716164
0.318311
0.098642
0.344625
0.075468
0.724556
0.559416
0.339469
0.655444
0.874077
0.889511
0.956007
0.324179
0.834402
0.734867
0.175879
0.692147
0.483263
0.306881
0.652915
0.428709
0.251919
0.219120
0.230245
0.697138
0.129731
0.902927
0.467549
0.852265
0.457580
0.435224
0.602126
0.645413
0.249286
0.131629
0.043281
0.185097
0.736091
0.012207
0.590092
0.727880
0.767510
0.852158
0.939315
0.129225
0.680415
0.828948
0.325731
0.337802
0.966436
0.226110
0.717372
0.783813
0.047291
0.187855
0.036401
0.897167
0.207938
0.056425
0.935583
0.870782
0.990022
0.055032
0.991385
0.882573
0.480266
0.693514
0.785519
0.403144
0.532517
0.211203
0.434645
0.872118
0.279089
0.543617
0.889913
0.961078
0.155172
0.877573
0.601189
0.412498
0.161251
0.930227
0.484553
0.040588
0.153020
0.179484
0.596564
0.402876
0.333021
0.635457
0.456907
0.354490
0.249669
0.841242
0.239448
0.406391
0.751416
0.079055
0.249638
0.496059
0.423464
0.865832
0.204972
0.930778
0.269834
0.313093
0.501879
0.984273
0.270228
0.920127
0.378929
0.855046
0.211241
0.549562
0.345409
0.068418
0.597106
0.909346
0.442720
0.696738
0.862543
0.423474
0.916599
0.963988
0.761112
0.765777
0.412486
0.735990
0.319480
0.406501
0.190792
0.824373
0.071740
0.031396
0.121625
0.372774
0.223528
0.990687
0.683566
0.014922
0.018109
0.739228
0.331644
0.053536
0.996083
0.269630
0.997310
0.092299
0.453172
0.021115
0.041438
0.104100
0.532206
0.059874
0.213583
0.941624
0.828703
0.152368
0.564056
0.612684
0.393073
0.896881
0.458761
0.137484
0.563418
0.606466
0.867088
0.445651
0.872228
0.793367
0.255574
0.081428
0.652208
0.076051
0.106284
0.431565
0.980075
0.862872
0.080478
0.629013
0.339825
0.131139
0.405408
0.392138
0.118922
0.682149
0.335733
0.823417
0.439569
0.676741
0.465205
0.576855
0.190156
0.481906
0.568626
0.477688
0.750785
0.529847
0.440713
0.613888
0.933968
0.843420
0.875041
0.317057
0.340425
0.773293
0.187546
0.355828
0.471953
0.118333
0.767890
0.896184
0.207271
0.060125
0.253597
0.566381
0.025414
0.277939
0.644361
0.891552
0.841832
0.190912
0.619877
0.957739
0.598710
0.778424
0.856357
0.610522
0.957428
0.843960
0.995386
0.480184
0.996717
0.384768
0.985791
0.489605
0.893702
0.987702
0.458209
0.484046
0.650747
0.463691
0.276100
0.444554
0.464031
0.639576
0.042169
0.535978
0.687065
0.676782
0.726410
0.464661
0.798854
0.953261
0.729028
0.745790
0.239662
0.929189
0.721949
0.870214
0.355478
0.597544
0.096053
0.872077
0.878239
0.359929
0.342434
0.521755
0.211008
0.844346
0.179102
0.102544
0.919707
0.314685
0.055847
0.587763
0.021579
0.775682
0.952976
0.375424
0.857848
0.569491
0.782238
0.643031
0.821554
0.852349
0.676471
0.812420
0.283154
0.946442
0.796662
0.477763
0.551852
0.596641
0.001180
0.108653
0.870803
0.404421
0.230549
0.991333
0.403246
0.090806
0.496638
0.786175
0.507495
0.138428
0.033771
0.589423
0.617247
0.872998
0.280203
0.034156
0.615068
0.069846
0.767285
0.919110
0.293264
0.425554
0.542220
0.399261
0.984913
0.642408
0.869814
0.668033
0.872342
0.198604
0.421441
0.760323
0.781006
0.922922
0.734656
0.659508
0.063617
0.402221
0.010964
0.920161
0.294848
0.093925
0.036525
0.807673
0.839348
0.860573
0.814767
0.156993
0.356729
0.202673
0.619523
0.468686
0.029665
0.825064
0.480373
0.565737
0.311766
0.632614
0.300484
0.845142
0.993873
0.072943
0.499947
0.582308
0.873128
0.826528
0.822711
0.220230
0.003734
0.480984
0.548241
0.293880
0.856267
0.481121
0.584825
0.180164
0.039180
0.412976
0.325399
0.267549
0.038265
0.075784
0.567552
0.091612
0.159340
0.644354
0.152551
0.062503
0.269446
0.155164
0.001087
0.131369
0.370842
0.542021
0.324316
0.925510
0.078264
0.595237
0.297038
0.197078
0.300524
0.537056
0.207239
0.070241
0.149400
0.698920
0.211971
0.786975
0.043369
0.948213
0.958491
0.913781
0.879309
0.336871
0.265235
0.409927
0.006653
0.053688
0.410774
0.973525
0.634936
0.344697
0.478394
0.605819
0.014851
0.521285
0.517101
0.966680
0.851004
0.652389
0.374591
0.170286
0.926203
0.518979
0.848810
0.885492
0.625343
0.811161
0.281689
0.777489
0.618040
0.117901
0.662683
0.338170
0.506095
0.893894
0.641865
0.114686
0.227187
0.463746
0.312802
0.141575
0.717699
0.513808
0.183722
0.046192
0.294615
0.209640
0.787574
0.873134
0.942176
0.337838
0.987568
0.881305
0.719322
0.920859
0.863370
0.443784
0.323507
0.992703
0.665673
0.021196
0.038056
0.342165
0.960696
0.508529
0.251820
0.970086
0.736615
0.630793
0.043404
0.652805
0.393810
0.867536
0.456725
0.511502
0.342032
0.699666
0.712195
0.709491
0.193625
0.638917
0.661853
0.444599
0.670146
0.941864
0.723099
0.093071
0.812717
0.535160
0.334355
0.927206
0.986950
0.485012
0.838102
0.879217
0.210070
0.101962
0.934647
0.687503
0.156218
0.666453
0.986759
0.105136
0.424760
0.702970
0.784362
0.841235
0.054676
0.391483
0.406289
0.985603
0.291834
0.849147
0.650207
0.820298
0.169189
0.767012
0.908102
0.988806
0.084311
0.073407
0.666037
0.348915
0.281647
0.177449
0.293204
0.687480
0.935265
0.219678
0.169323
0.713335
0.031644
0.855326
0.080017
0.571708
0.581328
0.117596
0.750505
0.633331
0.601569
0.604969
0.698009
0.470246
0.734936
0.581994
0.735913
0.971741
0.420409
0.010498
0.423640
0.033040
0.911596
0.715092
0.871781
0.369515
0.122844
0.345462
0.889048
0.068353
0.207409
0.916958
0.829814
0.407197
0.353158
0.846079
0.063485
0.910659
0.724285
0.971580
0.328511
0.092110
0.562520
0.137816
0.396667
0.243651
0.129419
0.103462
0.050656
0.257244
0.359822
0.399764
0.684927
0.479049
0.494279
0.371378
0.230591
0.938773
0.588429
0.439095
0.147208
0.866784
0.638225
0.741619
0.797212
0.001773
0.612245
0.192484
0.329824
0.845797
0.350247
0.919676
0.948807
0.027237
0.809719
0.570882
0.118710
0.663431
0.173249
0.926668
0.810932
0.209086
0.666916
0.394755
0.544103
0.434741
0.483834
0.598836
0.471089
0.845464
0.268816
0.735745
0.967500
0.269636
0.495122
0.857760
0.689087
0.783102
0.227165
0.921028
0.031618
0.541135
0.246103
0.365086
0.997493
0.638906
0.977093
0.788918
0.758589
0.513644
0.017429
0.585906
0.184373
0.413140
0.807858
0.287178
0.253276
0.949034
0.838207
0.858047
0.539864
0.716626
0.482952
0.571906
0.616718
0.682543
0.434306
0.378650
0.309793
0.754126
0.324317
0.257296
0.682694
0.208294
0.265839
0.103900
0.749313
0.322918
0.308151
0.992302
0.619743
0.652332
0.644506
0.077377
0.362645
0.941177
0.625359
0.262795
0.746297
0.640442
0.870470
0.106292
0.786696
0.218796
0.557410
0.134691
0.121048
0.410475
0.568042
0.998007
0.260046
0.929020
0.422926
0.251695
0.164654
0.191602
0.171291
0.661751
0.586131
0.401456
0.311979
0.179282
0.040838
0.975095
0.538570
0.421996
0.063466
0.777019
0.119340
0.098955
0.975679
0.499394
0.360183
0.427541
0.530599
0.684123
0.026981
0.763785
0.207578
0.986108
0.340012
0.674202
0.721225
0.013730
0.485897
0.727722
0.592723
0.558989
0.794357
0.241272
0.245658
0.198283
0.903659
0.036162
0.694351
0.206426
0.010967
0.614926
0.399814
0.762029
0.068110
0.499533
0.214303
0.067517
0.053221
0.479348
0.958678
0.167444
0.750155
0.577459
0.236142
0.462424
0.417507
0.132430
0.156253
0.152946
0.279532
0.113645
0.688081
0.561005
0.941991
0.655996
0.565799
0.849053
0.137442
0.261039
0.194934
0.107101
0.974030
0.079966
0.662771
0.096157
0.623812
0.751266
0.766811
0.307001
0.749662
0.306864
0.453490
0.049417
0.226050
0.933187
0.165517
0.887899
0.208327
0.853095
0.485585
0.190415
0.486162
0.704368
0.626480
0.188946
0.497664
0.453413
0.363313
0.641519
0.690783
0.351626
0.761264
0.298466
0.776262
0.987152
0.843586
0.022463
0.840497
0.204088
0.266740
0.671937
0.745842
0.923065
0.789018
0.523212
0.290617
0.309121
0.319653
0.808609
0.853875
0.542110
0.992192
0.971341
0.350549
0.534142
0.487890
0.637020
0.405435
0.706047
0.865870
0.439789
0.545343
0.416077
0.356005
0.571142
0.470607
0.194151
0.051186
0.548935
0.835770
0.672137
0.107510
0.956278
0.718827
0.147715
0.573622
0.807414
0.243353
0.967128
0.192097
0.794901
0.003822
0.517051
0.377212
0.575806
0.729646
0.184312
0.449031
0.111655
0.261866
0.141479
0.727327
0.928378
0.333886
0.609875
0.111952
0.077584
0.129417
0.286589
0.002956
0.891167
0.693016
0.860635
0.682580
0.420771
0.685825
0.420886
0.393193
0.028059
0.414067
0.959585
0.361398
0.377321
0.826813
0.372549
0.413843
0.252744
0.097001
0.357405
0.693103
0.054715
0.783859
0.169216
0.423847
0.244499
0.133790
0.150056
0.673772
0.231326
0.134837
0.391905
0.726752
