0.139917
0.928710
0.517458
0.744495
0.396931
0.509597
0.021450
0.526604
0.022267
0.576689
0.586146
0.414344
0.290048
0.365546
0.535110
0.397858
0.894073
0.716559
0.863598
0.383622
0.080135
0.702351
0.181199
0.474459
0.212518
0.955899
0.298723
0.822970
0.927215
0.468134
0.720072
0.064184
0.883032
0.912501
0.970850
0.227295
0.180625
0.209969
0.379923
0.006634
0.166721
0.494885
0.969064
0.130325
0.354283
0.259978
0.250254
0.549633
0.669734
0.515904
0.501733
0.615743
0.833147
0.396098
0.321422
0.270658
0.011745
0.787514
0.228910
0.475970
0.144826
0.936104
0.237543
0.157689
0.712875
0.017919
0.631133
0.853516
0.996569
0.986601
0.057848
0.125373
0.052180
0.440025
0.088204
0.160321
0.604311
0.931793
0.651071
0.544395
0.511968
0.799298
0.580530
0.286339
0.861120
0.355826
0.247667
0.352170
0.540788
0.451851
0.139064
0.221145
0.023395
0.839052
0.640196
0.006252
0.857728
0.865186
0.550418
0.507698
0.027594
0.492704
0.289059
0.097717
0.973698
0.837684
0.609658
0.625173
0.710438
0.226765
0.655296
0.984606
0.378654
0.367936
0.494609
0.479006
0.486629
0.755899
0.993443
0.006706
0.396354
0.978484
0.791838
0.747950
0.163906
0.895968
0.969227
0.006290
0.473983
0.097326
0.669019
0.417188
0.014513
0.716505
0.155500
0.262096
0.425767
0.797554
0.998343
0.931929
0.447525
0.330196
0.443821
0.491284
0.724104
0.308619
0.471399
0.726172
0.617915
0.449804
0.843356
0.653109
0.134714
0.417050
0.215239
0.943521
0.290772
0.881732
0.213368
0.849118
0.152400
0.913369
0.329463
0.489742
0.281064
0.900116
0.738924
0.946929
0.804432
0.652668
0.081715
0.367455
0.293115
0.829951
0.806111
0.317154
0.757255
0.268290
0.476252
0.298584
0.773906
0.438163
0.922313
0.007404
0.022720
0.156500
0.305614
0.948002
0.786185
0.788030
0.055959
0.167901
0.251215
0.299845
0.164052
0.018979
0.844697
0.764365
0.216531
0.944991
0.311755
0.846988
0.143090
0.933775
0.961923
0.051267
0.671374
0.199021
0.614332
0.628609
0.526543
0.069215
0.306575
0.871858
0.229827
0.802986
0.539764
0.161656
0.664652
0.820793
0.484949
0.468877
0.166902
0.756280
0.778255
0.883335
0.995441
0.063828
0.597481
0.984864
0.000892
0.486280
0.546203
0.400600
0.350309
0.815265
0.237222
0.379336
0.622939
0.498668
0.607390
0.479758
0.111135
0.060681
0.581603
0.297907
0.236578
0.677061
0.509175
0.980024
0.206273
0.192606
0.808834
0.139785
0.488865
0.686092
0.431921
0.618399
0.782175
0.111591
0.651695
0.460614
0.603227
0.369092
0.433216
0.371004
0.957806
0.986958
0.683774
0.325579
0.204917
0.977519
0.075184
0.093635
0.912403
0.604976
0.736459
0.660277
0.265934
0.646695
0.440093
0.943591
0.943186
0.195267
0.782394
0.154195
0.391718
0.571711
0.593243
0.342700
0.709116
0.175055
0.477189
0.283800
0.150253
0.692703
0.078501
0.209697
0.703328
0.204806
0.985997
0.107949
0.341258
0.906588
0.907833
0.579782
0.377932
0.823431
0.763996
0.164245
0.220066
0.120226
0.029529
0.104567
0.466988
0.854373
0.852496
0.788402
0.112654
0.578900
0.986601
0.693964
0.730084
0.323462
0.179721
0.509680
0.380134
0.153186
0.514724
0.821717
0.019823
0.104961
0.037663
0.289326
0.266906
0.900582
0.451430
0.891347
0.317987
0.797165
0.366788
0.972331
0.134960
0.961107
0.073128
0.512196
0.612622
0.533594
0.338346
0.402858
0.506490
0.759579
0.262232
0.893569
0.197804
0.709825
0.301884
0.086598
0.326731
0.482111
0.678067
0.083525
0.377404
0.445536
0.431511
0.679045
0.557187
0.685604
0.801575
0.759073
0.341072
0.449506
0.701074
0.872712
0.705019
0.216302
0.754446
0.138977
0.288755
0.069934
0.409345
0.866634
0.157928
0.070730
0.348932
0.412315
0.466147
0.733393
0.277942
0.453347
0.422570
0.412830
0.165844
0.626073
0.484078
0.043176
0.882666
0.368645
0.368226
0.694824
0.425115
0.591336
0.995968
0.929851
0.502057
0.321013
0.511398
0.435816
0.317883
0.349718
0.012767
0.226363
0.899627
0.125084
0.545386
0.978201
0.793817
0.947132
0.659533
0.283759
0.668269
0.440448
0.929615
0.442702
0.281575
0.817302
0.017142
0.769967
0.495255
0.651318
0.951054
0.843788
0.512670
0.012684
0.018026
0.113132
0.081161
0.552361
0.022783
0.280152
0.107883
0.819294
0.545989
0.550223
0.786597
0.674561
0.798100
0.426999
0.529660
0.740150
0.200814
0.292449
0.172554
0.487065
0.895411
0.433440
0.210380
0.433703
0.618756
0.078500
0.647421
0.814830
0.007591
0.519076
0.951717
0.347462
0.426288
0.795129
0.906212
0.214911
0.977508
0.890976
0.785367
0.431670
0.995515
0.028428
0.592358
0.117917
0.893423
0.070671
0.990911
0.677016
0.045658
0.521700
0.456928
0.815361
0.268745
0.444690
0.149347
0.929123
0.277707
0.744694
0.994190
0.548691
0.232450
0.515060
0.942525
0.391645
0.938631
0.059536
0.196800
0.150820
0.046864
0.713944
0.631862
0.176652
0.910807
0.965014
0.197271
0.289276
0.599043
0.727338
0.784351
0.372613
0.464297
0.478011
0.433495
0.104296
0.406030
0.339635
0.906914
0.820614
0.266288
0.842851
0.793906
0.296030
0.527328
0.260991
0.215048
0.890122
0.127559
0.084930
0.317322
0.122857
0.741251
0.977431
0.998805
0.097178
0.777136
0.606401
0.423151
0.360775
0.715722
0.871026
0.837487
0.002389
0.220437
0.574733
0.752974
0.157905
0.246234
0.954191
0.177790
0.564572
0.705881
0.625936
0.436862
0.883301
0.175105
0.181347
0.128947
0.694653
0.512858
0.959781
0.543806
0.641389
0.255983
0.827650
0.482088
0.202689
0.718335
0.790802
0.126226
0.784143
0.999042
0.746838
0.585703
0.035593
0.390176
0.979342
0.843493
0.337571
0.640967
0.793659
0.514641
0.763712
0.561975
0.071970
0.509804
0.667243
0.060472
0.373836
0.355159
0.614290
0.085853
0.777246
0.312939
0.381352
0.384877
0.128723
0.547711
0.434118
0.773327
0.357212
0.327627
0.455979
0.153573
0.040477
0.806405
0.988159
0.987323
0.834815
0.358736
0.850376
0.893261
0.587080
0.731960
0.275666
0.636085
0.142534
0.510733
0.231035
0.275933
0.026066
0.504257
0.201513
0.130926
0.104158
0.007993
0.769120
0.228616
0.042923
0.882941
0.686917
0.513032
0.455656
0.718104
0.609813
0.853093
0.182197
0.547906
0.647565
0.316028
0.124002
0.517684
0.088742
0.160624
0.702901
0.085382
0.105296
0.169177
0.376746
0.472510
0.003270
0.084456
0.448380
0.228807
0.621875
0.493422
0.361210
0.842019
0.433532
0.172646
0.607144
0.289853
0.050114
0.716504
0.609307
0.992732
0.470455
0.241160
0.229632
0.871965
0.889837
0.928347
0.904638
0.363940
0.372355
0.029351
0.561210
0.256528
0.842935
0.520959
0.147060
0.743602
0.763897
0.549251
0.604281
0.603167
0.208563
0.450903
0.096742
0.380160
0.475670
0.227481
0.379252
0.410853
0.323912
0.350444
0.248099
0.037546
0.349302
0.227990
0.798749
0.604200
0.824481
0.967164
0.020838
0.494073
0.820179
0.995016
0.539677
0.462061
0.256162
0.718353
0.874031
0.298298
0.985691
0.689321
0.460354
0.525890
0.637072
0.134089
0.273668
0.297606
0.261882
0.651383
0.616830
0.847177
0.945519
0.108905
0.916640
0.942291
0.745517
0.389458
0.962808
0.021423
0.349823
0.701138
0.030483
0.975283
0.331630
0.921213
0.424977
0.663699
0.223761
0.181953
0.616045
0.041489
0.332995
0.609333
0.571241
0.599319
0.728765
0.856881
0.447914
0.590522
0.795561
0.312051
0.489683
0.565607
0.766324
0.673365
0.712308
0.547518
0.736763
0.142059
0.135578
0.650419
0.752978
0.128226
0.369547
0.835601
0.673873
0.779177
0.307135
0.934924
0.574878
0.166554
0.553444
0.960435
0.591433
0.668986
0.449510
0.897543
0.022587
0.422730
0.403893
0.464086
0.760013
0.856259
0.631444
0.557943
0.956755
0.750560
0.420422
0.888362
0.121482
0.706738
0.687255
0.294783
0.250156
0.444565
0.848640
0.990381
0.955850
0.913032
0.154480
0.045652
0.629827
0.456738
0.466748
0.770575
0.668275
0.176375
0.045662
0.645590
0.339184
0.154034
0.102165
0.571750
0.442467
0.117628
0.696652
0.485154
0.699186
0.866679
0.979071
0.186089
0.935822
0.423022
0.841782
0.044345
0.061547
0.164020
0.104420
0.630916
0.810468
0.429739
0.543232
0.394959
0.070292
0.566110
0.893299
0.281513
0.635872
0.953520
0.546044
0.166492
0.600738
0.587056
0.178720
0.482209
0.776991
0.198451
0.925690
0.277588
0.328539
0.421744
0.550008
0.174900
0.768893
0.333741
0.076656
0.305722
0.163726
0.145844
0.999636
0.730838
0.878174
0.709896
0.399136
0.986207
0.402221
0.932086
0.686600
0.456509
0.953313
0.802646
0.699651
0.012124
0.282308
0.260945
0.274224
0.375812
0.638397
0.796844
0.443629
0.309516
0.195666
0.464423
0.362853
0.925284
0.915147
0.029112
0.546038
0.262572
0.646447
0.983889
0.192251
0.230002
0.729021
0.574320
0.764666
0.951978
0.789148
0.723568
0.682000
0.288317
0.406667
0.134007
0.878963
0.359255
0.240268
0.545478
0.773578
0.327211
0.989319
0.711034
0.141885
0.644579
0.674928
0.176052
0.137774
0.859706
0.259320
0.482851
0.645836
0.017029
0.369848
0.974947
0.921570
0.744068
0.756978
0.679417
0.863247
0.691824
0.795038
0.875741
0.390742
0.259250
0.667261
0.738522
0.066197
0.480996
0.461992
0.918147
0.591628
0.413236
0.994077
0.959358
0.466157
0.879529
0.180659
0.533316
0.530053
0.620485
0.982039
0.641670
0.486797
0.242871
0.692860
0.538211
0.629373
0.147662
0.086430
0.050387
0.585898
0.287543
0.805148
0.088156
0.972360
0.680629
0.742994
0.859768
0.176630
0.801151
0.192141
0.200873
0.000767
0.258334
0.969196
0.920031
0.149288
0.046066
0.951241
0.276614
0.267905
0.827961
0.604689
0.375073
0.489934
0.057890
0.597399
0.355248
0.733150
0.937510
0.926088
0.028751
0.014237
0.882906
0.719391
0.331371
0.815347
0.855322
0.703736
0.677376
0.994686
0.063463
0.173253
0.280952
0.694467
0.709729
0.033732
0.862861
0.024184
0.265759
0.260232
0.382821
0.559094
0.179030
0.106351
0.644628
0.008730
0.251015
0.520469
0.666393
0.798742
0.353921
0.255404
0.625673
0.705027
0.105522
0.250045
0.510185
0.455297
0.403434
0.809394
0.785545
0.209540
0.464617
0.511255
0.847946
0.540138
0.716865
0.062913
0.927614
0.771373
0.438628
0.859683
0.727656
0.398302
0.619037
0.008237
0.016859
0.448103
0.644742
0.312919
0.319190
0.416456
0.399313
0.086601
0.322907
0.377060
0.039359
0.597400
0.993090
0.734035
0.367583
0.637383
0.497712
0.027388
0.623081
0.159029
0.743358
0.557264
0.373910
0.213849
0.090527
0.874514
0.119767
0.163938
0.585200
0.439164
0.175957
0.869469
0.935735
0.864051
0.741781
0.044812
0.251275
0.330208
0.664368
0.329181
0.143249
0.466819
0.447964
0.610303
0.471078
0.888189
0.477647
0.649230
0.624189
0.409509
0.437783
0.252550
0.549519
0.388375
0.454873
0.460492
0.088513
0.410500
0.111373
0.994077
0.158652
0.665116
0.568331
0.169619
0.531360
0.858634
0.363588
0.714969
0.081411
0.254432
0.217363
0.370130
0.701807
0.646061
0.220013
0.549412
0.618693
0.023586
0.215136
0.456632
0.794978
0.803457
0.669374
0.956824
0.895988
0.373774
0.549454
0.604856
0.016252
0.234110
0.430711
0.314013
0.312924
0.085619
0.271287
0.795726
0.626008
0.319322
0.564922
0.187768
0.040075
0.204889
0.033852
0.313901
0.234315
0.768382
0.310968
0.336726
0.790312
0.845116
0.474191
0.142259
0.554115
0.429863
0.368898
0.328156
0.486080
0.418560
0.483895
0.273617
0.636887
0.434570
0.826666
0.462544
0.939109
0.754700
0.316675
0.269117
0.668709
0.506176
0.720017
0.652991
0.838853
0.159309
0.023100
0.563418
0.848163
0.287627
0.156236
0.958693
0.192674
0.171523
0.065603
0.036963
0.456667
0.479851
0.180134
0.244348
0.792033
0.896648
0.536202
0.192782
0.582892
0.393076
0.457149
0.617242
0.496164
0.139486
0.850220
0.633596
0.694675
0.393432
0.444161
0.210191
0.440807
0.166833
0.863680
0.423948
0.276562
0.271693
0.156120
0.346749
0.659453
0.105240
0.626527
0.219091
0.838702
0.791773
0.131658
0.464400
0.182755
0.963702
0.528342
0.874046
0.449797
0.877482
0.108011
0.527373
0.426523
0.767752
0.550200
0.850450
0.614923
0.863530
0.828051
0.859494
0.419992
0.961454
0.177376
0.999035
0.238252
0.804366
0.129777
0.328204
0.785118
0.836138
0.255052
0.070767
0.329867
0.986784
0.027290
0.515312
0.379067
0.141575
0.455739
0.401817
0.397070
0.573880
0.390037
0.260167
0.325250
0.139052
0.545871
0.553911
0.888362
0.115895
0.557628
0.498484
0.119199
0.221487
0.191624
0.051591
0.854921
0.008286
0.429537
0.823975
0.383875
0.628187
0.727891
0.493257
0.966464
0.829259
0.894001
0.733230
0.542160
0.817690
0.257954
0.787801
0.314438
0.920397
0.967225
0.850071
0.375056
0.560342
0.980359
0.634943
0.367050
0.838789
0.597679
0.239561
0.927116
0.247953
0.517387
0.558002
0.716637
0.797118
0.022200
0.995006
0.209330
0.191479
0.431085
0.188350
0.441592
0.631295
0.825146
0.157523
0.950811
0.777879
0.687599
0.991952
0.449791
0.752096
0.216331
0.667047
0.612209
0.373602
0.628785
0.284324
0.614107
0.910187
0.536109
0.862672
0.375948
0.643231
0.309893
0.167907
0.365712
0.335599
0.650915
0.645220
0.913736
0.958322
0.114679
0.597444
0.038244
0.498069
0.244545
0.307506
0.026803
0.652166
0.098682
0.451732
0.799253
0.216419
0.467547
0.924400
0.952145
0.840310
0.532548
0.890049
0.714452
0.408308
0.275284
0.230844
0.927626
0.533374
0.171065
0.938901
0.697453
0.828953
0.991268
0.417552
0.514368
0.063229
0.013217
0.004685
0.044585
0.399569
0.238179
0.013645
0.544636
0.354469
0.484054
0.208403
0.490885
0.322809
0.695346
0.965130
0.251580
0.045152
0.769062
0.680210
0.753984
0.003110
0.206119
0.944664
0.097605
0.338748
0.813037
0.106614
0.191157
0.026072
0.945386
0.950040
0.020676
0.721955
0.554100
0.082545
0.332192
0.827762
0.316135
0.997779
0.301624
0.045569
0.613630
0.324381
0.361408
0.852775
0.969522
0.383918
0.204469
0.441532
0.274562
0.514245
0.229617
0.418892
0.793029
0.600008
0.338359
0.656741
0.761018
0.491376
0.763073
0.499104
0.118537
0.474903
0.841737
0.696967
0.421690
0.110509
0.478281
0.312689
0.837560
0.102044
0.742060
0.471542
0.394264
0.850093
0.660834
0.016453
0.422080
0.347968
0.847170
0.719407
0.345753
0.379366
0.675226
0.904273
0.538417
0.062110
0.795588
0.464848
0.373064
0.423202
0.016071
0.738821
0.159874
0.118703
0.045625
0.473580
0.944856
0.888383
0.403930
0.251494
0.038032
0.397216
0.137040
0.950386
0.949202
0.963812
0.846182
0.764961
0.177140
0.267884
0.148781
0.848429
0.025411
0.885451
0.260268
0.180133
0.232920
0.474458
0.960394
0.441549
0.241264
0.486892
0.578919
0.356713
0.473183
0.753824
0.300971
0.780709
0.275127
0.015211
0.160314
0.165453
0.557061
0.920605
0.173873
0.995455
0.356100
0.205441
0.975165
0.160766
0.537349
0.987708
0.348820
0.935735
0.244272
0.258243
0.239866
0.657090
0.211375
0.000149
0.728606
0.330435
0.346230
0.427309
0.753705
0.352395
0.491780
0.376702
0.520579
0.963536
0.371353
0.692048
0.627807
0.366016
0.789564
0.697603
0.211955
0.298166
0.473101
0.562870
0.678665
0.631171
0.217511
0.689797
0.164745
0.075420
0.989195
0.511993
0.372684
0.293843
0.504975
0.051952
0.167538
0.182215
0.215241
0.760960
0.027609
0.339135
0.792692
0.955611
0.669775
0.121391
0.497718
0.492166
0.738619
0.451985
0.798948
0.693644
0.697958
0.457017
0.063701
0.649180
0.155723
0.487884
0.514681
0.025043
0.861994
0.484674
0.934442
0.789776
0.465935
0.384402
0.628001
0.771256
0.254717
0.666134
0.097299
0.373242
0.536881
0.939784
0.623419
0.029309
0.613781
0.215697
0.132810
0.919624
0.951125
0.922779
0.399885
0.104176
0.233525
0.874677
0.126603
0.262584
0.219642
0.485618
0.297801
0.486330
0.154513
0.803115
0.226913
0.479515
0.639714
0.356877
0.001575
0.853917
0.131739
0.101262
0.044436
0.879980
0.491403
0.387417
0.097403
0.353573
0.789443
0.377694
0.293050
0.773863
0.115683
0.680952
0.730734
0.764028
0.207262
0.367098
0.665130
0.781449
0.099545
0.201861
0.181051
0.255638
0.973907
0.663796
0.874432
0.960383
0.753727
0.477076
0.203156
0.063860
0.238544
0.772697
0.975537
0.054934
0.556757
0.166836
0.380304
0.075383
0.294846
0.698351
0.812692
0.398380
0.025344
0.160162
0.350778
0.964505
0.528258
0.848684
0.842509
0.217435
0.306178
0.495050
0.062562
0.275979
0.580231
0.035172
0.651156
0.836077
0.922087
0.184091
0.332525
0.183598
0.655542
0.898183
0.228361
0.963746
0.825313
0.487328
0.191693
0.400282
0.259373
0.479922
0.435667
0.681453
0.893599
0.618803
0.364614
0.303978
0.354261
0.026154
0.784504
0.875714
0.970720
0.244896
0.469747
0.347191
0.599418
0.235005
0.825773
0.181393
0.883733
0.292697
0.040329
0.177234
0.085367
0.943965
0.924516
0.139622
0.871811
0.849151
0.762858
0.063006
0.754858
0.535658
0.726480
0.633149
0.812234
0.344577
0.736956
0.016988
0.964472
0.070789
0.477763
0.621547
0.759561
0.264755
0.311135
0.871218
0.315320
0.372873
0.625848
0.202586
0.610524
0.365148
0.279526
0.933402
0.897594
0.745237
0.653546
0.753295
0.189206
0.216972
0.478746
0.314797
0.162096
0.465730
0.674722
0.987452
0.197894
0.150407
0.314923
0.290605
0.890987
0.039753
0.242871
0.922089
0.464064
0.356699
0.668525
0.899427
0.587698
0.905533
0.470695
0.665278
0.657359
0.544841
0.493773
0.750163
0.780744
0.546946
0.297013
0.820992
0.600943
0.812217
0.193144
0.135393
0.588859
0.186626
0.308502
0.492754
0.596664
0.049578
0.033384
0.651038
0.380109
0.198118
0.854109
0.567091
0.733453
0.745274
0.367180
0.998426
0.547737
0.291300
0.504037
0.136407
0.983504
0.522882
0.390362
0.490081
0.049023
0.789991
0.397151
0.877813
0.276984
0.517182
0.395411
0.159242
0.543353
0.910071
0.856959
0.741013
0.465001
0.022132
0.030927
0.276087
0.039108
0.432698
0.854752
0.083323
0.485973
0.052914
0.087686
0.288739
0.728022
0.460925
0.556925
0.932442
0.855267
0.776765
0.884025
0.595247
0.355515
0.359291
0.903852
0.735701
0.590383
0.961897
0.785969
0.969525
0.174781
0.419957
0.933692
0.740171
0.749548
0.833926
0.087233
0.313959
0.708743
0.220358
0.477312
0.718116
0.149459
0.541266
0.489863
0.679532
0.641183
0.503083
0.875785
0.415921
0.550216
0.391243
0.475815
0.840853
0.630529
0.712862
0.928531
0.882618
0.101000
0.621766
0.077639
0.655246
0.083782
0.442243
0.181912
0.553326
0.278857
0.339448
0.117076
0.104604
0.119502
0.364164
0.299796
0.945643
0.836388
0.027292
0.008859
0.637209
0.145987
0.985083
0.159718
0.925476
0.857123
0.173306
0.969949
0.295620
0.335398
0.572371
0.163286
0.876749
0.927256
0.111042
0.039790
0.233623
0.136561
0.369616
0.419830
0.217965
0.499936
0.734381
0.246624
0.952418
0.928469
0.247064
0.013280
0.943292
0.205929
0.988097
0.451048
0.625709
0.190186
0.390788
0.928678
0.939326
0.240668
0.763408
0.818420
0.270037
0.808705
0.548548
0.015431
0.535440
0.039906
0.540810
0.389328
0.111385
0.223657
0.473267
0.660020
0.126419
0.053526
0.757389
0.133614
0.555585
0.227242
0.165628
0.425178
0.190622
0.917697
0.287455
0.777621
0.395257
0.076058
0.661148
0.587705
0.882602
0.253326
0.914359
0.484583
0.607528
0.393373
0.817006
0.172857
0.027011
0.442069
0.820577
0.149975
0.461364
0.466798
0.282369
0.614566
0.756224
0.780991
0.101424
