0.483259 0.351335 0.025532 0.210752 0.386586 0.338709 0.933423 0.516614 0.260102 0.130858 0.232408 0.130962 0.107373 0.949034 0.421096 0.928197 0.185413 0.113441 0.136389 0.731091 0.370752 0.143852 0.747340 0.112183 0.452797 0.034001 0.405882 0.490300 0.709534 0.570422 0.975388 0.816415 0.266227 0.800063 0.298294 0.114439 0.102752 0.983682 0.146891 0.591765
0.741386 0.656163 0.789634 0.076238 0.061455 0.066127 0.824157 0.093582 0.906204 0.459581 0.511346 0.352973 0.247889 0.430585 0.572229 0.944651 0.876039 0.325456 0.109014 0.413483 0.088354 0.374063 0.528789 0.943358 0.102247 0.837917 0.028738 0.371603 0.700056 0.851208 0.227198 0.915020 0.836313 0.754780 0.238541 0.680675 0.463079 0.210915 0.480844 0.307587
0.252314 0.393488 0.304029 0.475303 0.965983 0.556499 0.260013 0.591022 0.418186 0.898631 0.440415 0.046478 0.106211 0.257495 0.553534 0.310359 0.034307 0.236233 0.324246 0.771300 0.344858 0.019417 0.210376 0.216874 0.729708 0.040141 0.240427 0.381454 0.967626 0.575220 0.356645 0.705630 0.644583 0.759578 0.186197 0.311964 0.458939 0.255161 0.146815 0.197780
0.713288 0.968690 0.874630 0.329782 0.003451 0.609572 0.272953 0.353403 0.144503 0.288837 0.648703 0.270297 0.173363 0.508390 0.000397 0.309276 0.659088 0.582050 0.082792 0.176681 0.299590 0.146635 0.560950 0.559339 0.386098 0.992141 0.945760 0.766100 0.171331 0.167556 0.257763 0.342232 0.505970 0.210714 0.767080 0.638829 0.130694 0.642405 0.643502 0.221867
0.456957 0.019314 0.387695 0.797328 0.949859 0.926302 0.250244 0.084455 0.049232 0.074926 0.994880 0.110078 0.914731 0.843401 0.192038 0.923199 0.820306 0.715652 0.001563 0.163943 0.975844 0.982251 0.026182 0.157547 0.849490 0.319568 0.650413 0.724839 0.657285 0.832515 0.698479 0.503999 0.350185 0.340393 0.250975 0.181589 0.179673 0.573907 0.092434 0.442132
0.086549 0.780357 0.630543 0.897918 0.172062 0.703470 0.821592 0.043405 0.286902 0.437775 0.651332 0.883311 0.542491 0.709949 0.470529 0.337755 0.208107 0.442191 0.459150 0.675547 0.870388 0.476071 0.158241 0.565776 0.189741 0.822853 0.767211 0.016855 0.225648 0.412287 0.124584 0.573905 0.790406 0.757049 0.076719 0.686624 0.909598 0.452121 0.212664 0.615574
0.608204 0.034057 0.785866 0.934333 0.371931 0.070507 0.675965 0.268187 0.561435 0.319220 0.718759 0.811568 0.406174 0.773356 0.905217 0.503660 0.246847 0.829836 0.460556 0.822380 0.801195 0.470527 0.094564 0.441160 0.555356 0.816059 0.225674 0.334855 0.648179 0.771241 0.700465 0.672470 0.709044 0.806829 0.495055 0.960996 0.516839 0.069529 0.439809 0.516678
0.652876 0.230465 0.547908 0.983889 0.521555 0.234592 0.285296 0.513871 0.217736 0.200441 0.310157 0.904849 0.719305 0.793711 0.696657 0.688285 0.725360 0.798061 0.023182 0.915326 0.945797 0.544813 0.050905 0.216720 0.680483 0.357737 0.277796 0.447141 0.773165 0.008545 0.289335 0.375163 0.508140 0.651649 0.896986 0.737854 0.296720 0.953232 0.073518 0.717218
0.224253 0.048475 0.101294 0.676321 0.476416 0.816161 0.112160 0.612275 0.588597 0.804058 0.507394 0.167447 0.169276 0.909285 0.912481 0.160460 0.580871 0.370957 0.291692 0.113872 0.585423 0.098439 0.887148 0.063470 0.760584 0.942458 0.442210 0.370742 0.616125 0.834971 0.313872 0.748972 0.632749 0.461807 0.296736 0.599726 0.015192 0.626896 0.370206 0.177134
0.792252 0.693173 0.380844 0.716386 0.778340 0.559767 0.028827 0.539995 0.734421 0.067864 0.069068 0.219999 0.446808 0.786113 0.408613 0.225421 0.850350 0.810142 0.134367 0.783105 0.336773 0.345501 0.072938 0.387981 0.628303 0.750950 0.678539 0.105967 0.315462 0.905877 0.077898 0.994925 0.587714 0.590426 0.066376 0.071896 0.212242 0.985388 0.494825 0.587743
0.024472 0.402710 0.770919 0.748694 0.147071 0.514390 0.872435 0.862612 0.445590 0.937469 0.770795 0.667018 0.116413 0.104477 0.760272 0.734194 0.413048 0.225986 0.190818 0.059367 0.068014 0.231968 0.189722 0.083532 0.071511 0.908151 0.838804 0.893406 0.615181 0.305534 0.021848 0.814895 0.036703 0.120772 0.772020 0.662028 0.337948 0.179136 0.293934 0.904887
0.097162 0.253450 0.517382 0.774758 0.655697 0.058776 0.793615 0.156629 0.689849 0.447153 0.627006 0.450760 0.556921 0.693125 0.267992 0.843785 0.258056 0.931249 0.644044 0.166797 0.298866 0.131762 0.317229 0.248162 0.582010 0.480562 0.540735 0.937559 0.637870 0.148422 0.191677 0.668061 0.586949 0.159253 0.485492 0.281122 0.198518 0.055297 0.940801 0.471928
0.455982 0.306110 0.137382 0.420696 0.530158 0.379876 0.959942 0.581275 0.758734 0.004919 0.052998 0.214637 0.675972 0.099173 0.235747 0.660928 0.897261 0.904692 0.975796 0.154196 0.577011 0.546292 0.331501 0.636201 0.939608 0.221947 0.261989 0.496863 0.608348 0.101702 0.899719 0.689422 0.193764 0.762697 0.741771 0.128484 0.959390 0.950931 0.634186 0.355689
0.387855 0.290995 0.781047 0.374135 0.374224 0.526035 0.643193 0.666261 0.602087 0.049190 0.744163 0.133920 0.487111 0.462384 0.447296 0.485036 0.917528 0.379772 0.865344 0.517488 0.461981 0.519672 0.065638 0.904315 0.864838 0.837108 0.938301 0.931134 0.845773 0.470531 0.014600 0.893994 0.376071 0.705900 0.675777 0.319989 0.980981 0.758847 0.195077 0.996032
0.344606 0.595296 0.386509 0.390498 0.102862 0.417560 0.341769 0.583273 0.689460 0.342944 0.538565 0.279891 0.018500 0.281997 0.454790 0.972122 0.812770 0.641906 0.505605 0.775674 0.412507 0.482052 0.963432 0.227537 0.906975 0.894428 0.627177 0.794492 0.428927 0.243645 0.310670 0.223610 0.929960 0.167000 0.003063 0.470137 0.764701 0.856095 0.131362 0.166144
0.105662 0.439291 0.050125 0.280315 0.127158 0.083525 0.705420 0.902355 0.054438 0.369237 0.406013 0.414986 0.981063 0.550519 0.301042 0.675224 0.685427 0.381919 0.843864 0.892143 0.743521 0.726779 0.309541 0.098459 0.570250 0.267022 0.522566 0.950565 0.218834 0.687501 0.373049 0.272589 0.526825 0.754642 0.787132 0.654754 0.281943 0.348070 0.143299 0.463404
0.118093 0.136606 0.556291 0.106707 0.483493 0.751972 0.488655 0.141375 0.775153 0.801682 0.423867 0.873229 0.399421 0.203821 0.262565 0.802239 0.599965 0.453501 0.775372 0.900273 0.833079 0.430389 0.478957 0.166207 0.037323 0.447887 0.769576 0.341860 0.358657 0.923016 0.358564 0.080178 0.005545 0.269997 0.895033 0.283984 0.345599 0.457256 0.994809 0.380253
0.707481 0.512510 0.693964 0.315494 0.042222 0.880946 0.579977 0.948497 0.020868 0.866354 0.687793 0.982802 0.666047 0.791482 0.241349 0.513811 0.083858 0.797196 0.819381 0.997762 0.725365 0.918303 0.413089 0.627363 0.419228 0.621231 0.798041 0.651514 0.077332 0.282016 0.836925 0.304540 0.964047 0.746566 0.947425 0.305328 0.848456 0.002023 0.220743 0.947512
0.348985 0.999012 0.546275 0.841248 0.397272 0.198385 0.801173 0.814591 0.784468 0.242939 0.399487 0.558338 0.102038 0.047462 0.785240 0.725264 0.935586 0.711957 0.771817 0.479901 0.783121 0.861604 0.424842 0.928575 0.735203 0.797969 0.974143 0.248870 0.429148 0.460930 0.992292 0.471930 0.874939 0.565274 0.505903 0.270067 0.197830 0.749513 0.601059 0.378722
0.343599 0.608772 0.624327 0.707281 0.604334 0.746237 0.639155 0.889471 0.201094 0.903620 0.205251 0.039338 0.338256 0.686616 0.775099 0.226775 0.553738 0.174020 0.546198 0.039064 0.649078 0.354098 0.412332 0.827767 0.834583 0.546728 0.442103 0.275294 0.406646 0.190226 0.637499 0.314082 0.904667 0.446830 0.154601 0.294970 0.913350 0.083413 0.586832 0.946705
0.418508 0.743528 0.081416 0.231738 0.903851 0.047216 0.662028 0.916281 0.872728 0.490472 0.482480 0.583063 0.717549 0.642338 0.012187 0.285290 0.324938 0.948133 0.210333 0.573556 0.015590 0.618920 0.042986 0.474980 0.039195 0.673829 0.160070 0.006561 0.276373 0.723006 0.332733 0.112617 0.975684 0.358207 0.805310 0.878771 0.110628 0.510412 0.083603 0.961170
0.234748 0.321682 0.455351 0.690126 0.827978 0.734693 0.111159 0.874520 0.467731 0.555978 0.297141 0.315160 0.910463 0.387249 0.748056 0.538700 0.489732 0.187103 0.337670 0.450299 0.083204 0.771213 0.386102 0.490458 0.998513 0.958036 0.352134 0.027495 0.909794 0.635354 0.521036 0.578106 0.413922 0.467683 0.731184 0.801215 0.001004 0.004479 0.966711 0.761045
0.960169 0.469199 0.976984 0.163353 0.660641 0.182829 0.614174 0.513861 0.188341 0.924338 0.220842 0.721094 0.617660 0.893350 0.943222 0.871593 0.952616 0.470188 0.100745 0.655867 0.069641 0.462388 0.597533 0.610361 0.247204 0.275666 0.785010 0.373557 0.189575 0.465430 0.113123 0.447764 0.699183 0.407853 0.141282 0.499014 0.426301 0.652884 0.306794 0.784634
0.003086 0.931669 0.333803 0.505542 0.440648 0.185414 0.983753 0.247300 0.585512 0.424447 0.443910 0.741187 0.003790 0.124740 0.952063 0.995540 0.843182 0.105560 0.299048 0.267732 0.157895 0.860262 0.586486 0.608135 0.678502 0.086767 0.935408 0.268826 0.912519 0.085178 0.401614 0.992280 0.388411 0.771627 0.849781 0.449076 0.082357 0.098843 0.284946 0.105275
0.543485 0.809586 0.795488 0.916527 0.496882 0.161491 0.690655 0.405774 0.531035 0.606312 0.670183 0.979899 0.507128 0.840771 0.418676 0.885086 0.304172 0.374214 0.690047 0.474366 0.479862 0.674719 0.679354 0.951893 0.838889 0.038576 0.856251 0.172406 0.690166 0.554669 0.713683 0.011505 0.215262 0.256742 0.664940 0.673254 0.941406 0.311199 0.740375 0.193239
0.024276 0.693178 0.023755 0.887610 0.291614 0.105749 0.371556 0.377205 0.017829 0.668436 0.007325 0.601364 0.032446 0.033008 0.865178 0.118425 0.625294 0.619674 0.866592 0.981889 0.155216 0.948820 0.468207 0.026929 0.849409 0.627701 0.732787 0.115971 0.010420 0.819629 0.410633 0.580831 0.972218 0.172187 0.020388 0.371652 0.709441 0.632155 0.017365 0.129582
0.286018 0.442553 0.962774 0.824905 0.846589 0.674781 0.866284 0.198030 0.195115 0.868169 0.642848 0.394380 0.042604 0.362288 0.542289 0.985264 0.668847 0.412992 0.764633 0.748277 0.013970 0.264625 0.932985 0.646665 0.594659 0.537540 0.164027 0.038110 0.275686 0.395456 0.827399 0.686418 0.216172 0.629766 0.582708 0.187952 0.669970 0.275050 0.567497 0.809569
0.218624 0.466840 0.655909 0.851405 0.430139 0.177390 0.869783 0.462985 0.346292 0.276270 0.081730 0.943840 0.608538 0.522678 0.938375 0.589256 0.072649 0.963717 0.978239 0.711783 0.220337 0.127653 0.017934 0.050312 0.742648 0.154422 0.215371 0.431939 0.125921 0.552815 0.432608 0.880094 0.789151 0.307485 0.278166 0.617653 0.416056 0.002566 0.718221 0.478140
0.648486 0.807447 0.389356 0.071777 0.948966 0.896810 0.269453 0.636789 0.790899 0.815053 0.923744 0.365729 0.272931 0.148239 0.242642 0.336751 0.233199 0.639145 0.780630 0.199728 0.014332 0.757163 0.047834 0.366204 0.285628 0.551385 0.484717 0.400441 0.619247 0.465002 0.409775 0.271551 0.086119 0.456803 0.157108 0.858022 0.774476 0.701518 0.373186 0.587439
0.357354 0.613952 0.935908 0.186485 0.264519 0.844738 0.157273 0.375784 0.015246 0.166051 0.642631 0.267293 0.198283 0.398460 0.765634 0.386225 0.422578 0.623515 0.589666 0.648792 0.740999 0.167900 0.760368 0.376871 0.821078 0.126353 0.456524 0.179320 0.183543 0.612900 0.722734 0.632275 0.779840 0.537516 0.354472 0.623180 0.158165 0.489824 0.741336 0.311047
0.438967 0.460885 0.780243 0.512642 0.053126 0.538119 0.846307 0.291094 0.875345 0.143678 0.696329 0.722214 0.276380 0.490691 0.442115 0.362461 0.311249 0.801954 0.521545 0.407363 0.859904 0.263126 0.015052 0.735094 0.997414 0.010570 0.188807 0.873456 0.940882 0.668841 0.725408 0.307732 0.449778 0.807764 0.918767 0.338929 0.505496 0.530295 0.885727 0.727493
0.906403 0.519251 0.946641 0.318544 0.917449 0.134862 0.424314 0.293091 0.100344 0.307313 0.156259 0.375832 0.706200 0.510944 0.211050 0.496529 0.007619 0.893285 0.446488 0.923425 0.886888 0.036540 0.144114 0.677390 0.489688 0.144963 0.475488 0.342651 0.496538 0.119121 0.267880 0.395575 0.536491 0.082208 0.687253 0.939186 0.014290 0.758704 0.143436 0.718841
0.822055 0.301722 0.577909 0.357266 0.010680 0.756409 0.064050 0.416212 0.097989 0.194028 0.759401 0.754066 0.429281 0.505015 0.350809 0.067204 0.608988 0.395725 0.125625 0.152269 0.942058 0.016564 0.807889 0.932562 0.600898 0.026812 0.899090 0.431820 0.090198 0.160000 0.074142 0.603014 0.343745 0.445830 0.948584 0.391301 0.563777 0.808691 0.348150 0.537705
0.881500 0.233590 0.515165 0.712465 0.499808 0.120953 0.877939 0.211957 0.100520 0.920065 0.860769 0.399430 0.087611 0.841928 0.611601 0.647488 0.980856 0.143065 0.497816 0.366260 0.803627 0.395634 0.087291 0.192720 0.701451 0.949969 0.458388 0.801821 0.864816 0.834191 0.758671 0.187293 0.219011 0.910954 0.563210 0.259509 0.936006 0.846017 0.195459 0.092310
0.012277 0.920282 0.853852 0.413041 0.496197 0.050712 0.561676 0.701137 0.006824 0.368813 0.306277 0.375336 0.849929 0.810564 0.873156 0.907397 0.768098 0.583809 0.024038 0.198027 0.116551 0.852406 0.358810 0.342959 0.381251 0.507810 0.587669 0.337431 0.773089 0.781407 0.636166 0.157189 0.439086 0.821330 0.172488 0.181921 0.615054 0.907059 0.845936 0.966002
0.182832 0.869930 0.408759 0.985220 0.529422 0.022026 0.811231 0.293736 0.610319 0.832998 0.256149 0.688012 0.717032 0.530767 0.757609 0.849263 0.597973 0.204725 0.588814 0.164083 0.495028 0.269544 0.811484 0.365733 0.593321 0.323538 0.868480 0.357088 0.511126 0.875495 0.710686 0.235193 0.495387 0.694830 0.468813 0.099877 0.826935 0.689197 0.122215 0.059336
0.112545 0.465631 0.916590 0.255192 0.736362 0.747908 0.117087 0.748742 0.287399 0.460037 0.109081 0.675095 0.010427 0.416675 0.687729 0.067124 0.750723 0.569949 0.355940 0.158972 0.824032 0.349978 0.944808 0.857424 0.352825 0.580606 0.350828 0.361064 0.156281 0.133236 0.361668 0.344327 0.929628 0.632072 0.794093 0.786840 0.314132 0.286472 0.419640 0.208258
0.355164 0.716523 0.576629 0.611348 0.053068 0.616731 0.204328 0.508739 0.949080 0.269634 0.436244 0.498713 0.944897 0.031985 0.326611 0.460930 0.490931 0.518773 0.024635 0.472990 0.134821 0.460486 0.771069 0.361387 0.729918 0.168789 0.058503 0.649437 0.497136 0.679894 0.738249 0.828748 0.554753 0.433640 0.543802 0.108669 0.458918 0.563464 0.855846 0.256887
0.599365 0.672044 0.304492 0.483581 0.048030 0.573317 0.934731 0.075972 0.636569 0.042735 0.923178 0.395908 0.738733 0.170349 0.208169 0.524604 0.018490 0.055075 0.572202 0.328735 0.940755 0.218136 0.592446 0.827101 0.463043 0.346397 0.018429 0.174974 0.457520 0.063732 0.895484 0.675645 0.030554 0.142067 0.219350 0.296237 0.945088 0.393832 0.074550 0.103405
0.506907 0.755076 0.173202 0.240439 0.759167 0.321422 0.810690 0.863481 0.136746 0.441960 0.436714 0.562522 0.975753 0.354919 0.114154 0.439690 0.836668 0.364952 0.158719 0.380004 0.145234 0.209559 0.309864 0.175725 0.382984 0.725085 0.467244 0.021957 0.482581 0.014961 0.838213 0.778584 0.032004 0.222082 0.083610 0.576428 0.952446 0.695386 0.022060 0.557052
0.526640 0.075831 0.347100 0.396731 0.355353 0.485462 0.704137 0.260437 0.360132 0.091985 0.020323 0.952678 0.076047 0.224585 0.125229 0.633155 0.712333 0.495528 0.016076 0.447606 0.143759 0.929650 0.275327 0.471015 0.336761 0.812098 0.465290 0.623604 0.344601 0.914155 0.616413 0.045683 0.207470 0.102782 0.350009 0.648617 0.722288 0.259148 0.175713 0.655719
0.182561 0.131313 0.789865 0.969850 0.577576 0.992516 0.635642 0.263804 0.972736 0.030616 0.232954 0.403016 0.981495 0.098782 0.776231 0.522135 0.176876 0.699780 0.567482 0.256677 0.237875 0.875314 0.232040 0.165628 0.062882 0.509801 0.252498 0.871333 0.970192 0.324194 0.354305 0.936835 0.935928 0.718661 0.623433 0.738683 0.681971 0.820681 0.425979 0.988480
0.472119 0.582617 0.993213 0.050762 0.207681 0.023217 0.678808 0.300942 0.038025 0.319979 0.010715 0.145746 0.910762 0.992854 0.559374 0.869430 0.217976 0.008985 0.580139 0.660806 0.353359 0.830341 0.647357 0.985396 0.637537 0.527967 0.635127 0.919892 0.384234 0.797542 0.848532 0.120439 0.444113 0.939963 0.546646 0.830336 0.254047 0.138770 0.780033 0.202769
0.584801 0.421748 0.186994 0.424288 0.402772 0.638856 0.100845 0.470781 0.410193 0.800403 0.517153 0.503260 0.651538 0.014898 0.085263 0.521412 0.604646 0.851529 0.882342 0.703663 0.026170 0.532238 0.182265 0.553590 0.051318 0.557769 0.799073 0.309552 0.544404 0.341511 0.007851 0.375266 0.340847 0.833135 0.212809 0.794159 0.574173 0.144003 0.965219 0.131261
0.469456 0.590838 0.812758 0.012067 0.185359 0.590262 0.534075 0.396821 0.838856 0.092772 0.929149 0.897528 0.865129 0.427047 0.339634 0.282619 0.512213 0.161389 0.844219 0.013495 0.658946 0.061585 0.396086 0.670547 0.901699 0.449722 0.966560 0.399571 0.038490 0.539188 0.052084 0.597719 0.593248 0.976067 0.324028 0.301288 0.390001 0.027208 0.991441 0.701179
0.943038 0.574753 0.810126 0.936204 0.510484 0.735858 0.525207 0.282671 0.992350 0.406960 0.336310 0.156761 0.400574 0.864718 0.370950 0.872637 0.866418 0.321561 0.709861 0.544556 0.952046 0.330900 0.522250 0.200240 0.008294 0.312560 0.907063 0.455887 0.134798 0.511754 0.087172 0.664085 0.077649 0.741214 0.098349 0.598129 0.751874 0.790439 0.535404 0.243386
0.657646 0.444075 0.707601 0.762682 0.150531 0.774683 0.217435 0.802470 0.428052 0.680490 0.759486 0.720481 0.393071 0.541003 0.269374 0.290531 0.988804 0.296266 0.822905 0.309324 0.208384 0.226262 0.764926 0.444893 0.078481 0.579358 0.795021 0.009639 0.305579 0.937950 0.692675 0.187175 0.651456 0.457632 0.991356 0.214873 0.185062 0.954831 0.813392 0.117386
0.079110 0.700310 0.795976 0.655375 0.524946 0.988477 0.231416 0.112110 0.663037 0.808071 0.929922 0.442116 0.919413 0.707618 0.249825 0.217475 0.810778 0.032788 0.593065 0.487693 0.749190 0.712759 0.014542 0.944968 0.742242 0.097234 0.438786 0.110286 0.133829 0.666258 0.401342 0.442038 0.332134 0.487322 0.659255 0.306750 0.630050 0.885581 0.830627 0.279204
0.689544 0.035703 0.105592 0.986855 0.356440 0.139351 0.056487 0.230860 0.805908 0.071341 0.149593 0.931216 0.793620 0.980097 0.112711 0.026151 0.323851 0.271789 0.706889 0.990445 0.347135 0.721120 0.668673 0.637164 0.998710 0.718812 0.356608 0.286422 0.088094 0.929368 0.592222 0.683713 0.628300 0.615708 0.121349 0.104512 0.282439 0.630464 0.905908 0.239869
0.612645 0.769555 0.152732 0.269013 0.055366 0.265739 0.683823 0.862162 0.555168 0.636866 0.387386 0.020810 0.509114 0.300284 0.318348 0.793206 0.350259 0.902417 0.445156 0.145313 0.049283 0.144738 0.451433 0.695661 0.426106 0.911861 0.872359 0.674627 0.958739 0.511119 0.664442 0.790383 0.725209 0.671779 0.895263 0.471707 0.277676 0.855891 0.215157 0.753438
0.225041 0.323098 0.961371 0.054164 0.248442 0.310351 0.544938 0.021364 0.453966 0.175739 0.430308 0.035283 0.663031 0.532070 0.547551 0.452061 0.105038 0.151214 0.992552 0.436252 0.072092 0.129664 0.841861 0.011952 0.881149 0.803025 0.189786 0.431637 0.770081 0.222407 0.466131 0.840522 0.717261 0.994171 0.017463 0.031609 0.684244 0.213339 0.509261 0.198290
0.909715 0.410449 0.402944 0.334174 0.280704 0.919035 0.477697 0.388520 0.806715 0.310603 0.396590 0.680873 0.643364 0.755805 0.018733 0.434206 0.016932 0.697290 0.051926 0.227936 0.205609 0.071739 0.800259 0.370251 0.015585 0.369663 0.176853 0.518844 0.948088 0.043357 0.921309 0.578342 0.378493 0.606907 0.411511 0.239625 0.627876 0.852718 0.437565 0.122380
0.580321 0.077584 0.829125 0.245772 0.586524 0.682214 0.815902 0.888664 0.281265 0.820204 0.037357 0.509487 0.522662 0.442719 0.892948 0.790578 0.134828 0.045411 0.294096 0.961647 0.825345 0.373889 0.079954 0.030169 0.508119 0.653208 0.325077 0.562361 0.965029 0.216810 0.490619 0.822614 0.344903 0.083347 0.953421 0.358091 0.990975 0.218255 0.752287 0.221778
0.562259 0.549617 0.724827 0.346552 0.074234 0.563351 0.287552 0.242529 0.740509 0.827464 0.866430 0.663933 0.323432 0.565541 0.791754 0.851532 0.945812 0.075056 0.615059 0.505343 0.919619 0.992769 0.981092 0.650967 0.488634 0.357252 0.970570 0.239215 0.978562 0.448879 0.671886 0.973214 0.997360 0.222773 0.476192 0.026556 0.317209 0.470285 0.150647 0.487510
0.250366 0.223489 0.552799 0.882657 0.026502 0.829504 0.351212 0.477638 0.229281 0.774781 0.827704 0.945032 0.861831 0.121436 0.634202 0.480780 0.026431 0.485347 0.538746 0.093471 0.537133 0.763266 0.325980 0.525779 0.613169 0.322213 0.180604 0.357675 0.395105 0.593088 0.484952 0.743609 0.688397 0.420250 0.354401 0.592678 0.749771 0.820012 0.509022 0.916682
0.691477 0.682999 0.442024 0.487233 0.826926 0.313936 0.580315 0.782935 0.088269 0.473141 0.531868 0.785254 0.925430 0.626678 0.473559 0.127031 0.117432 0.315150 0.894201 0.478845 0.758744 0.952337 0.855211 0.995650 0.115058 0.913312 0.472248 0.407590 0.100080 0.828227 0.919709 0.838884 0.158114 0.272736 0.726942 0.782271 0.482524 0.653962 0.592787 0.179872
0.700171 0.608943 0.480458 0.334620 0.850371 0.761382 0.849580 0.927274 0.126221 0.363901 0.733173 0.472256 0.412292 0.547991 0.767735 0.488316 0.163624 0.247650 0.343138 0.122065 0.969239 0.135893 0.399823 0.186319 0.663987 0.936081 0.181723 0.833328 0.694686 0.664306 0.359144 0.146597 0.442795 0.818959 0.835635 0.468451 0.380639 0.925245 0.939774 0.775470
0.663858 0.394604 0.538243 0.768075 0.234414 0.311473 0.374055 0.359208 0.427798 0.235727 0.383062 0.903904 0.911648 0.685070 0.497982 0.398670 0.668553 0.681988 0.988418 0.710887 0.056518 0.190310 0.783854 0.650962 0.670605 0.555739 0.135913 0.080463 0.803388 0.145962 0.529605 0.563562 0.477569 0.471231 0.470633 0.347504 0.046335 0.313589 0.314184 0.340737
0.808706 0.198239 0.288831 0.441017 0.566295 0.590351 0.258663 0.429341 0.210188 0.013905 0.174094 0.329143 0.377866 0.543027 0.108729 0.347217 0.832496 0.308952 0.063459 0.984584 0.001987 0.250447 0.594614 0.947288 0.098562 0.819457 0.084716 0.474779 0.912115 0.868844 0.346361 0.778282 0.031267 0.348450 0.780967 0.536258 0.841109 0.997099 0.568052 0.316073
0.396550 0.869656 0.659363 0.535116 0.470944 0.444094 0.291070 0.531195 0.723304 0.516858 0.982208 0.803630 0.421253 0.158534 0.936117 0.051473 0.491663 0.538475 0.068198 0.253617 0.436865 0.757930 0.746117 0.251199 0.214761 0.041675 0.085698 0.923807 0.980388 0.713207 0.497958 0.422715 0.531260 0.215495 0.395514 0.929163 0.460573 0.610332 0.451365 0.170480
