0.692412
0.312429
0.439034
0.162835
0.497883
0.397302
0.300946
0.288298
0.283298
0.251497
0.190520
0.258856
0.045722
0.642372
0.744162
0.456144
0.909397
0.044043
0.679773
0.369936
0.818383
0.627550
0.621403
0.448561
0.912085
0.078137
0.542048
0.307591
0.727028
0.480362
0.603787
0.910717
0.403146
0.314282
0.324735
0.451001
0.381111
0.032258
0.831588
0.315806
0.340714
0.140399
0.457058
0.136882
0.142051
0.377110
0.470724
0.980909
0.852251
0.175209
0.879960
0.198185
0.093269
0.774757
0.802401
0.003647
0.801016
0.800244
0.249390
0.037074
